,Sample No,Temperature/℃,Time/s,Point_No,L*Before,a*Before,b*Before,L*After,a*After,b*After
4,,225,10,5,76.06,5.01,18.38,74.32,5.1,19.7
5,,225,10,6,75.59,5.26,18.26,73.48,5.21,19.64
6,,225,10,7,77.04,5.1,17.81,74.85,5.19,19.63
7,,225,10,8,76.25,5.06,18.29,73.64,5.24,20.08
8,,225,10,9,75.82,5.05,18.03,72.97,5.26,20.03
9,,225,10,10,76.25,5.0,18.19,72.84,5.25,20.53
10,,225,10,11,75.72,4.77,17.18,72.03,5.12,19.75
11,,225,10,12,75.67,5.11,18.3,72.41,5.45,20.58
12,,225,10,13,75.19,4.98,17.84,71.31,5.15,19.92
13,,225,10,14,75.14,5.27,18.78,72.45,5.44,20.66
14,,225,10,15,74.48,5.18,18.1,71.32,5.29,20.04
15,,225,10,16,74.68,5.0,18.48,71.94,5.71,21.09
16,,225,10,17,73.98,5.57,18.38,70.2,5.27,19.61
17,,225,10,18,75.09,5.27,18.91,73.72,5.47,20.59
18,,225,10,19,74.08,5.14,18.39,71.91,5.59,20.76
19,,225,10,20,75.31,5.18,18.98,74.06,5.3,20.39
28,,225,10,5,76.25,5.43,18.82,73.47,5.75,21.2
29,,225,10,6,75.38,5.62,19.19,73.55,5.7,20.61
30,,225,10,7,76.94,5.15,18.06,74.85,5.25,19.74
31,,225,10,8,75.77,5.61,18.79,74.15,5.65,20.17
32,,225,10,9,76.8,5.46,18.54,74.3,5.54,20.59
33,,225,10,10,74.41,5.87,19.32,73.42,5.86,20.6
34,,225,10,11,77.05,5.25,18.48,73.99,5.49,20.87
35,,225,10,12,75.35,5.64,19.01,73.11,5.82,20.88
36,,225,10,13,76.98,5.15,18.13,72.79,5.92,21.41
37,,225,10,14,74.96,5.79,19.43,72.95,5.84,21.08
38,,225,10,15,75.48,5.37,18.72,71.54,6.04,21.6
39,,225,10,16,75.23,5.7,19.38,72.96,5.84,20.97
40,,225,10,17,74.19,5.61,19.51,70.85,6.15,22.03
41,,225,10,18,74.84,5.63,18.97,73.5,5.77,20.76
42,,225,10,19,75.92,5.39,18.88,73.56,5.67,21.14
43,,225,10,20,75.76,5.48,18.78,74.85,5.44,19.96
52,,225,10,5,76.29,4.81,18.06,74.77,5.3,20.19
53,,225,10,6,76.18,4.84,17.73,74.02,5.25,20.19
54,,225,10,7,75.84,4.78,18.08,74.23,5.34,20.61
55,,225,10,8,76.56,5.01,17.66,73.03,5.42,20.77
56,,225,10,9,75.38,5.19,18.55,73.34,5.75,21.6
57,,225,10,10,77.03,4.97,17.8,74.13,5.34,20.77
58,,225,10,11,75.6,5.17,18.63,72.56,5.99,22.0
59,,225,10,12,76.96,4.87,17.46,73.35,5.49,21.13
60,,225,10,13,75.24,4.89,18.19,71.37,6.13,21.94
61,,225,10,14,76.71,5.02,17.4,72.73,5.72,21.31
62,,225,10,15,75.74,5.09,18.55,73.3,5.63,21.4
63,,225,10,16,76.87,4.93,17.5,74.43,5.39,20.5
64,,225,10,17,75.01,5.04,18.42,72.28,5.85,21.47
65,,225,10,18,75.85,5.2,17.74,74.06,5.56,20.73
66,,225,10,19,75.5,4.89,17.77,72.63,5.8,21.37
67,,225,10,20,74.04,5.25,17.71,71.51,5.66,20.77
4,,225,20,5,75.4,5.33,18.46,73.66,5.51,20.1
5,,225,20,6,77.26,4.54,17.09,75.6,4.75,18.89
6,,225,20,7,75.03,5.43,18.65,72.97,5.59,20.5
7,,225,20,8,77.24,4.89,17.88,74.49,5.33,20.25
8,,225,20,9,75.27,5.29,18.32,71.63,5.92,20.85
9,,225,20,10,76.86,5.05,17.8,73.08,5.55,20.86
10,,225,20,11,75.17,5.54,18.69,70.43,6.36,22.31
11,,225,20,12,75.36,5.53,18.6,71.43,6.13,21.79
12,,225,20,13,75.2,5.46,18.87,73.04,5.82,21.14
13,,225,20,14,76.33,5.35,18.87,70.73,6.5,22.74
14,,225,20,15,76.71,5.1,18.17,73.72,5.66,20.94
15,,225,20,16,76.61,5.16,18.31,71.22,6.22,22.05
16,,225,20,17,75.36,5.33,18.48,72.28,5.98,21.72
17,,225,20,18,76.29,5.42,18.79,70.8,6.43,22.45
18,,225,20,19,76.68,4.99,17.79,74.43,5.45,20.61
19,,225,20,20,76.84,5.15,18.3,72.19,5.93,21.54
28,,225,20,5,76.58,5.17,18.24,74.94,5.3,19.8
29,,225,20,6,75.02,5.48,18.87,72.88,5.54,20.21
30,,225,20,7,76.42,5.47,18.93,73.72,5.6,20.83
31,,225,20,8,74.36,5.61,19.12,71.27,5.98,20.94
32,,225,20,9,77.15,5.25,18.34,74.31,5.55,20.38
33,,225,20,10,74.85,5.51,18.65,71.72,5.97,21.03
34,,225,20,11,76.85,5.22,18.2,73.78,5.41,20.34
35,,225,20,12,74.51,5.54,18.83,70.41,6.11,21.45
36,,225,20,13,77.0,5.28,18.04,73.1,5.76,20.87
37,,225,20,14,75.5,5.58,18.63,70.93,6.09,21.5
38,,225,20,15,76.34,5.49,18.77,73.86,5.58,20.85
39,,225,20,16,75.61,5.36,18.75,70.97,6.07,21.71
40,,225,20,17,75.89,5.34,18.6,72.58,5.94,21.53
41,,225,20,18,75.8,5.16,18.43,70.61,6.14,21.7
42,,225,20,19,76.08,5.08,18.19,73.43,5.51,20.66
43,,225,20,20,75.54,5.07,18.16,70.36,5.91,21.23
52,,225,20,5,76.96,5.55,18.94,73.5,5.84,20.87
53,,225,20,6,76.51,5.58,19.09,73.48,5.89,21.21
54,,225,20,7,76.74,5.63,19.07,73.5,5.71,20.64
55,,225,20,8,76.98,5.39,18.44,73.15,5.88,21.08
56,,225,20,9,77.28,5.36,18.47,72.6,5.82,21.17
57,,225,20,10,76.51,5.26,18.0,72.62,5.83,20.83
58,,225,20,11,77.47,5.19,17.98,73.1,5.62,20.75
59,,225,20,12,76.31,5.32,18.39,71.74,6.01,21.47
60,,225,20,13,77.78,5.29,18.02,74.04,5.72,20.44
61,,225,20,14,77.11,5.2,18.26,72.2,6.01,21.43
62,,225,20,15,76.02,5.51,18.94,72.55,5.96,21.33
63,,225,20,16,76.31,5.43,18.6,72.79,5.98,21.41
64,,225,20,17,69.81,6.16,18.63,61.24,6.19,20.07
65,,225,20,18,75.9,5.9,19.25,71.46,6.41,21.69
66,,225,20,19,77.21,5.32,18.13,74.29,5.57,20.08
67,,225,20,20,76.53,5.57,18.12,73.15,5.85,20.21
4,,225,30,5,76.27,4.99,17.33,70.28,5.98,21.63
5,,225,30,6,75.53,5.35,17.9,70.26,6.15,21.43
6,,225,30,7,75.14,5.24,18.08,69.9,6.11,22.0
7,,225,30,8,75.17,5.51,18.1,69.12,6.43,22.02
8,,225,30,9,75.83,5.22,17.46,70.03,6.1,21.68
9,,225,30,10,74.51,5.51,18.22,69.03,6.17,21.43
10,,225,30,11,75.39,5.23,17.86,71.33,6.01,21.6
11,,225,30,12,75.7,5.23,17.33,70.65,5.81,20.7
12,,225,30,13,76.22,4.99,17.35,70.97,6.0,21.58
13,,225,30,14,76.62,4.99,16.79,70.16,6.03,21.24
14,,225,30,15,75.95,5.01,17.38,72.26,5.47,20.55
15,,225,30,16,76.27,5.05,17.43,70.31,6.13,21.52
16,,225,30,17,75.71,5.08,17.7,71.3,5.69,20.89
17,,225,30,18,76.54,4.97,17.2,71.29,5.75,21.02
18,,225,30,19,74.94,5.22,17.68,70.33,6.04,21.85
19,,225,30,20,76.25,4.95,16.86,70.72,5.84,21.24
28,,225,30,5,76.03,5.33,18.53,69.25,6.45,22.57
29,,225,30,6,76.04,5.64,18.85,70.86,6.7,22.68
30,,225,30,7,76.17,5.75,18.99,68.43,7.06,23.43
31,,225,30,8,77.29,5.37,18.28,71.0,6.93,23.22
32,,225,30,9,76.34,5.6,18.98,69.25,6.59,22.84
33,,225,30,10,76.27,5.77,19.53,70.47,6.97,23.33
34,,225,30,11,76.13,5.64,18.8,68.91,6.87,23.34
35,,225,30,12,75.84,5.77,19.26,69.52,6.96,23.33
36,,225,30,13,76.62,5.35,18.43,68.9,6.86,23.47
37,,225,30,14,75.84,5.95,19.48,69.48,6.84,22.84
38,,225,30,15,75.92,5.48,18.41,68.97,6.65,22.89
39,,225,30,16,75.3,5.83,19.26,70.07,6.57,22.56
40,,225,30,17,75.85,5.47,18.73,67.81,6.91,23.15
41,,225,30,18,76.29,5.66,19.21,69.51,7.02,23.47
42,,225,30,19,76.22,5.44,18.64,69.51,6.53,22.91
43,,225,30,20,76.41,5.86,18.98,70.94,6.67,22.99
52,,225,30,5,76.77,5.17,17.95,71.14,6.42,22.71
53,,225,30,6,76.53,5.17,18.26,69.56,6.66,23.15
54,,225,30,7,77.11,5.14,18.16,71.29,6.66,23.12
55,,225,30,8,77.35,5.11,18.41,69.31,7.11,24.26
56,,225,30,9,77.25,5.08,17.89,71.1,6.44,22.62
57,,225,30,10,77.3,4.9,17.67,69.32,6.62,23.42
58,,225,30,11,76.88,4.88,17.31,71.45,6.1,22.24
59,,225,30,12,76.7,4.76,17.29,68.95,6.28,22.73
60,,225,30,13,76.86,4.93,17.6,70.95,6.2,22.09
61,,225,30,14,76.21,5.01,18.12,68.64,6.35,22.56
62,,225,30,15,76.8,5.04,18.02,71.26,6.28,22.26
63,,225,30,16,75.8,5.03,18.33,68.63,6.28,22.55
64,,225,30,17,77.15,4.99,17.38,71.36,5.65,21.43
65,,225,30,18,75.57,5.11,18.45,69.57,6.09,22.2
66,,225,30,19,77.4,5.03,17.54,70.41,6.14,22.42
67,,225,30,20,75.72,5.12,18.18,69.27,6.35,22.92
4,,225,40,5,79.05,5.07,19.52,72.5,6.19,22.4
5,,225,40,6,75.52,5.27,19.28,68.65,6.58,22.71
6,,225,40,7,80.37,4.23,16.99,72.64,5.87,21.38
7,,225,40,8,75.74,5.43,19.57,73.11,6.11,22.01
8,,225,40,9,76.87,4.92,18.82,66.8,7.17,23.17
9,,225,40,10,78.78,4.87,18.92,73.83,5.37,21.06
10,,225,40,11,75.47,5.33,19.51,66.57,7.38,23.49
11,,225,40,12,78.68,4.98,19.35,76.04,5.98,21.99
12,,225,40,13,75.91,5.46,19.89,69.38,7.28,23.47
13,,225,40,14,79.93,4.62,18.54,73.04,6.04,22.16
14,,225,40,15,78.75,4.53,18.36,70.28,6.33,22.16
15,,225,40,16,77.78,4.57,18.31,70.74,6.37,22.48
16,,225,40,17,77.01,4.86,18.55,65.34,7.72,23.65
17,,225,40,18,75.94,5.57,20.28,73.66,6.46,22.93
18,,225,40,19,75.07,5.32,19.22,66.51,7.7,23.99
19,,225,40,20,77.35,5.22,19.74,71.55,6.55,22.94
28,,225,40,5,78.15,5.2,18.1,75.2,6.77,22.73
29,,225,40,6,77.57,5.28,18.5,72.02,7.14,23.4
30,,225,40,7,77.14,5.43,18.64,73.84,6.9,22.98
31,,225,40,8,77.46,4.82,17.67,71.3,7.07,23.52
32,,225,40,9,77.59,5.37,19.06,72.7,7.39,24.15
33,,225,40,10,78.34,4.65,17.68,71.85,7.09,23.63
34,,225,40,11,76.64,5.45,19.0,72.12,7.32,23.72
35,,225,40,12,77.01,4.89,17.99,71.85,7.09,23.63
36,,225,40,13,77.62,5.33,18.57,70.42,7.99,24.86
37,,225,40,14,76.51,5.22,18.56,68.34,8.1,24.54
38,,225,40,15,77.58,4.98,18.09,70.67,7.39,24.11
39,,225,40,16,76.25,5.21,19.18,67.71,7.89,24.42
40,,225,40,17,78.12,5.16,17.84,70.94,7.28,23.79
41,,225,40,18,76.77,5.19,18.72,69.9,7.3,23.75
42,,225,40,19,78.64,4.7,17.71,72.54,6.9,23.49
43,,225,40,20,76.11,5.4,19.47,68.49,8.19,24.98
52,,225,40,5,76.41,5.34,18.92,66.21,7.16,23.29
53,,225,40,6,76.97,5.1,18.89,70.01,6.12,22.79
54,,225,40,7,78.47,5.11,18.29,69.57,6.59,22.88
55,,225,40,8,77.73,5.2,18.59,70.0,6.37,22.46
56,,225,40,9,76.88,4.84,17.96,68.8,5.88,22.03
57,,225,40,10,79.14,4.69,17.73,72.04,5.92,22.2
58,,225,40,11,81.01,4.66,17.89,71.62,6.32,22.97
59,,225,40,12,75.82,5.61,18.67,67.44,6.72,22.45
60,,225,40,13,76.76,4.8,17.73,70.19,5.62,21.77
61,,225,40,14,75.91,5.32,18.98,67.17,6.6,23.0
62,,225,40,15,76.14,5.72,19.5,64.22,7.64,23.67
63,,225,40,16,76.69,5.57,19.09,67.37,7.02,23.19
64,,225,40,17,75.07,5.48,18.84,65.42,7.21,23.54
65,,225,40,18,75.89,5.22,18.49,65.96,6.83,23.0
66,,225,40,19,74.35,5.55,19.11,64.07,7.43,23.75
67,,225,40,20,75.47,5.37,18.82,65.04,7.22,23.8
4,,225,50,5,76.38,4.47,16.94,66.27,6.92,22.95
5,,225,50,6,77.99,4.03,16.53,69.93,5.88,22.08
6,,225,50,7,78.96,3.96,16.43,68.29,6.34,22.78
7,,225,50,8,78.72,4.38,16.84,70.88,6.13,22.36
8,,225,50,9,75.93,4.84,18.04,64.88,7.36,23.63
9,,225,50,10,76.87,4.2,16.6,69.29,5.71,21.84
10,,225,50,11,78.07,4.21,16.77,66.78,6.71,22.86
11,,225,50,12,76.73,4.39,16.96,69.24,6.16,22.29
12,,225,50,13,78.56,4.62,17.03,69.51,6.03,22.11
13,,225,50,14,74.17,5.35,18.06,65.11,6.7,21.98
14,,225,50,15,76.02,5.12,17.74,68.33,6.36,22.24
15,,225,50,16,76.03,4.8,18.57,65.47,7.42,23.96
16,,225,50,17,77.29,4.62,18.01,65.25,6.94,23.05
17,,225,50,18,75.29,4.89,18.17,65.07,7.0,23.03
18,,225,50,19,78.61,4.16,16.26,68.84,6.58,23.23
19,,225,50,20,75.73,4.4,17.81,64.49,6.97,23.41
28,,225,50,5,75.14,5.52,19.11,68.09,6.33,22.39
29,,225,50,6,75.61,5.39,18.16,68.96,5.81,21.18
30,,225,50,7,76.12,5.38,18.69,68.1,6.34,22.25
31,,225,50,8,75.69,5.5,18.53,67.6,6.08,21.75
32,,225,50,9,75.94,5.58,18.9,66.74,6.5,22.33
33,,225,50,10,74.83,5.88,19.41,65.97,6.76,22.7
34,,225,50,11,76.11,5.56,19.0,66.38,6.73,22.71
35,,225,50,12,75.24,5.7,19.28,66.33,6.6,22.46
36,,225,50,13,76.52,5.39,18.0,67.34,6.3,21.67
37,,225,50,14,76.0,5.22,18.24,66.16,6.49,22.14
38,,225,50,15,76.04,5.15,18.22,68.5,5.82,21.45
39,,225,50,16,75.48,5.37,18.72,67.04,6.21,21.71
40,,225,50,17,74.16,5.88,19.67,67.88,6.54,22.41
41,,225,50,18,74.94,5.65,19.53,69.01,5.65,21.01
42,,225,50,19,74.58,5.96,19.76,68.05,6.57,22.57
43,,225,50,20,74.32,5.9,20.1,67.59,6.41,21.54
52,,225,50,5,79.47,4.41,16.15,70.75,5.83,21.46
53,,225,50,6,80.04,4.23,15.96,71.93,5.43,20.96
54,,225,50,7,76.66,4.74,17.77,67.2,6.39,22.3
55,,225,50,8,75.34,4.95,18.25,64.75,6.83,22.93
56,,225,50,9,79.36,3.86,15.89,70.69,5.83,21.61
57,,225,50,10,78.15,4.35,16.49,68.01,6.07,21.64
58,,225,50,11,77.58,4.99,18.0,64.09,7.68,23.76
59,,225,50,12,76.08,5.24,18.98,66.24,7.37,23.99
60,,225,50,13,77.3,5.2,17.98,64.3,6.98,22.52
61,,225,50,14,78.14,4.22,16.48,69.44,5.93,21.4
62,,225,50,15,75.88,5.18,17.91,63.14,7.14,22.83
63,,225,50,16,75.97,5.05,17.86,68.13,5.68,21.02
64,,225,50,17,79.28,4.19,15.7,70.92,5.67,21.11
65,,225,50,18,74.46,5.0,17.59,65.99,6.14,21.67
66,,225,50,19,75.28,5.1,18.0,66.9,6.45,22.49
67,,225,50,20,74.72,5.45,17.71,64.47,6.44,21.92
4,,250,10,5,81.2,4.6,17.95,71.93,6.04,21.71
5,,250,10,6,80.6,4.89,18.99,74.21,6.08,21.99
6,,250,10,7,76.64,4.72,18.07,65.8,6.54,21.42
7,,250,10,8,77.34,4.56,17.89,68.39,6.25,21.19
8,,250,10,9,79.48,4.08,17.32,64.05,6.07,21.13
9,,250,10,10,78.33,4.67,18.5,66.79,6.22,21.21
10,,250,10,11,78.65,5.18,20.04,66.83,6.96,22.46
11,,250,10,12,76.34,5.59,20.25,67.39,7.03,22.78
12,,250,10,13,79.66,4.23,17.94,66.29,6.08,21.48
13,,250,10,14,81.01,4.4,18.11,74.11,5.39,21.11
14,,250,10,15,76.03,5.17,19.0,65.0,7.13,22.38
15,,250,10,16,76.28,5.17,18.68,66.95,6.85,22.24
16,,250,10,17,74.85,5.5,19.97,62.57,7.15,22.59
17,,250,10,18,72.37,5.68,19.2,63.67,6.42,21.68
18,,250,10,19,74.19,5.51,20.13,62.96,7.54,23.14
19,,250,10,20,75.0,5.43,19.78,63.23,6.8,21.99
28,,250,10,5,74.1,5.05,18.68,66.02,6.59,22.65
29,,250,10,6,75.76,5.11,18.25,69.5,6.31,22.64
30,,250,10,7,76.98,4.15,16.27,67.15,6.1,21.77
31,,250,10,8,75.21,4.9,18.01,64.2,7.23,23.34
32,,250,10,9,73.18,5.48,19.4,63.44,7.45,23.73
33,,250,10,10,76.73,4.69,17.36,69.58,6.17,22.08
34,,250,10,11,77.31,4.43,16.88,68.6,6.15,22.05
35,,250,10,12,75.29,4.64,17.85,66.18,6.69,23.11
36,,250,10,13,75.92,4.83,18.24,68.66,6.65,22.71
37,,250,10,14,76.04,4.97,18.01,68.59,6.29,22.46
38,,250,10,15,75.64,4.69,17.49,65.43,6.66,22.62
39,,250,10,16,76.32,4.55,18.02,70.94,5.99,21.95
40,,250,10,17,77.53,4.26,17.31,68.06,6.58,22.3
41,,250,10,18,73.57,5.33,19.81,67.11,6.99,23.63
42,,250,10,19,75.07,4.88,18.67,68.31,6.57,22.79
43,,250,10,20,74.54,5.14,18.67,65.65,7.29,23.82
52,,250,10,5,76.64,5.02,18.48,68.77,6.7,22.77
53,,250,10,6,75.52,5.12,18.47,66.91,6.83,22.93
54,,250,10,7,76.59,5.02,18.5,64.16,7.42,23.24
55,,250,10,8,75.51,5.15,17.99,63.47,7.05,22.61
56,,250,10,9,75.36,5.15,18.16,64.36,6.97,22.48
57,,250,10,10,75.92,5.02,18.45,63.86,7.35,22.99
58,,250,10,11,76.71,4.73,17.75,66.16,6.72,22.58
59,,250,10,12,75.64,4.84,18.38,64.33,7.28,23.41
60,,250,10,13,76.51,4.8,18.04,66.05,7.22,23.12
61,,250,10,14,74.75,4.95,18.04,63.41,6.82,22.33
62,,250,10,15,77.05,4.46,17.56,66.15,6.95,23.03
63,,250,10,16,76.25,4.26,17.26,63.89,7.08,23.08
64,,250,10,17,76.93,4.66,17.64,65.93,7.17,23.06
65,,250,10,18,76.92,4.23,17.22,64.83,6.98,22.9
66,,250,10,19,76.92,4.71,17.83,67.1,7.25,23.26
67,,250,10,20,76.98,4.36,17.11,64.02,7.37,23.48
4,,250,20,5,74.28,5.47,19.35,61.25,7.83,23.21
5,,250,20,6,77.26,5.15,17.8,65.03,6.47,21.86
6,,250,20,7,78.64,5.09,17.58,67.34,6.3,21.67
7,,250,20,8,77.74,4.43,17.49,68.23,6.61,22.33
8,,250,20,9,77.21,4.54,17.21,64.85,6.67,22.14
9,,250,20,10,75.67,5.05,18.2,62.19,7.27,22.54
10,,250,20,11,75.36,5.15,18.16,62.96,7.03,22.48
11,,250,20,12,78.38,5.0,17.07,65.68,6.73,21.64
12,,250,20,13,79.09,4.64,16.52,64.44,6.47,21.51
13,,250,20,14,80.07,4.28,16.21,69.99,6.26,21.72
14,,250,20,15,79.6,4.29,16.0,70.87,6.02,21.53
15,,250,20,16,74.51,5.54,18.83,61.98,7.5,23.01
16,,250,20,17,74.41,5.55,18.98,62.47,7.54,22.7
17,,250,20,18,78.33,4.71,16.8,67.29,6.32,21.58
18,,250,20,19,80.81,4.19,15.78,72.75,5.73,20.96
19,,250,20,20,77.53,4.23,16.67,67.23,6.1,21.33
28,,250,20,5,74.74,5.7,19.13,65.14,7.38,23.46
29,,250,20,6,75.44,5.44,18.75,64.4,7.27,23.21
30,,250,20,7,74.88,5.69,19.06,62.69,7.27,22.99
31,,250,20,8,75.99,5.21,18.34,63.15,7.31,23.0
32,,250,20,9,75.32,5.47,18.51,62.82,7.65,23.56
33,,250,20,10,76.16,5.19,18.45,62.5,7.42,23.13
34,,250,20,11,75.74,5.25,18.08,60.48,7.54,23.05
35,,250,20,12,75.84,5.46,18.94,61.97,7.76,23.52
36,,250,20,13,75.11,5.72,19.14,61.28,7.79,23.84
37,,250,20,14,75.95,5.28,18.37,61.23,7.82,23.55
38,,250,20,15,75.26,5.46,18.74,59.28,7.96,23.4
39,,250,20,16,76.48,5.41,18.7,62.22,7.92,24.0
40,,250,20,17,74.78,5.5,18.99,59.79,8.06,23.4
41,,250,20,18,75.52,5.55,19.01,61.23,8.26,24.26
42,,250,20,19,74.66,5.47,18.64,61.04,7.55,22.84
43,,250,20,20,75.2,5.65,19.09,62.49,7.92,23.98
52,,250,20,5,74.83,4.65,17.19,57.52,6.46,20.9
53,,250,20,6,79.81,3.66,16.18,65.0,6.21,22.14
54,,250,20,7,81.38,4.07,16.89,66.01,6.81,23.1
55,,250,20,8,81.1,4.56,17.58,70.59,6.4,22.33
56,,250,20,9,81.6,4.39,17.56,66.68,6.97,22.96
57,,250,20,10,79.34,5.55,19.51,69.11,7.56,23.81
58,,250,20,11,81.07,4.7,18.2,66.91,7.21,23.38
59,,250,20,12,77.44,6.13,20.38,67.23,8.11,24.24
60,,250,20,13,78.74,5.62,19.85,65.12,8.04,23.7
61,,250,20,14,73.1,6.65,19.9,58.1,8.24,22.47
62,,250,20,15,75.67,5.92,19.27,60.19,8.04,22.63
63,,250,20,16,79.62,4.61,17.83,63.66,6.91,22.47
64,,250,20,17,75.13,5.86,19.05,57.51,8.18,22.14
65,,250,20,18,80.53,4.7,18.15,68.0,6.81,22.76
66,,250,20,19,78.44,4.06,16.86,61.51,6.6,21.81
67,,250,20,20,77.79,5.64,19.64,66.31,7.77,23.58
4,,250,30,5,75.31,5.31,17.81,57.6,7.91,22.77
5,,250,30,6,74.66,5.59,18.86,56.68,8.36,23.26
6,,250,30,7,75.01,5.33,18.05,56.9,7.87,22.87
7,,250,30,8,74.77,5.72,18.72,55.1,8.17,22.61
8,,250,30,9,75.7,5.2,17.9,57.97,7.68,22.68
9,,250,30,10,75.09,5.56,18.54,56.14,8.07,22.66
10,,250,30,11,74.9,5.51,18.63,56.46,8.05,22.63
11,,250,30,12,74.86,5.52,18.55,55.11,8.18,22.41
12,,250,30,13,75.05,5.25,18.13,55.83,8.2,22.7
13,,250,30,14,75.08,5.67,18.96,54.52,8.41,22.84
14,,250,30,15,74.94,5.56,18.82,55.5,8.22,22.73
15,,250,30,16,75.19,5.43,18.38,55.19,8.25,22.56
16,,250,30,17,74.56,5.38,17.98,58.57,7.85,22.82
17,,250,30,18,74.72,5.28,18.19,56.85,7.81,22.35
18,,250,30,19,75.02,5.02,17.53,64.27,7.3,23.3
19,,250,30,20,73.66,5.19,18.29,57.03,7.85,22.05
28,,250,30,5,76.14,5.52,18.6,59.98,7.89,23.59
29,,250,30,6,75.55,5.69,18.82,59.19,7.79,23.44
30,,250,30,7,75.33,5.82,19.44,56.53,8.32,23.18
31,,250,30,8,75.43,5.56,19.06,55.74,8.12,22.75
32,,250,30,9,76.04,5.58,18.75,57.13,8.18,23.3
33,,250,30,10,75.25,5.77,19.28,56.21,8.14,23.01
34,,250,30,11,75.94,5.64,19.0,58.69,7.98,23.46
35,,250,30,12,75.67,5.18,18.3,57.44,7.57,22.48
36,,250,30,13,75.43,5.32,18.64,57.13,7.88,22.9
37,,250,30,14,74.99,5.56,18.69,57.29,7.73,22.59
38,,250,30,15,76.62,5.35,18.52,57.67,8.17,23.3
39,,250,30,16,75.81,5.41,18.65,57.12,8.08,23.3
40,,250,30,17,76.52,5.41,18.67,57.73,8.24,23.62
41,,250,30,18,75.95,5.47,18.59,58.17,7.78,23.27
42,,250,30,19,75.41,4.96,17.92,58.54,7.74,23.18
43,,250,30,20,75.59,5.38,18.47,60.04,7.59,23.35
52,,250,30,5,74.49,4.67,17.34,55.04,6.46,21.32
53,,250,30,6,76.73,5.93,19.49,59.62,7.55,23.12
54,,250,30,7,77.58,4.32,17.29,56.41,6.51,21.4
55,,250,30,8,75.6,6.34,20.16,54.76,7.67,22.0
56,,250,30,9,80.18,4.54,17.8,62.52,6.53,22.55
57,,250,30,10,72.65,6.32,19.56,51.66,6.52,19.78
58,,250,30,11,77.7,5.56,18.93,61.49,7.03,22.65
59,,250,30,12,79.55,4.76,18.32,61.91,6.7,22.97
60,,250,30,13,75.9,5.47,18.61,58.68,6.74,21.94
61,,250,30,14,77.32,5.24,18.34,60.23,6.97,22.82
62,,250,30,15,76.47,5.71,19.22,59.97,7.25,22.85
63,,250,30,16,78.39,5.7,18.95,60.43,7.26,23.38
64,,250,30,17,76.33,5.36,18.77,58.25,7.28,22.45
65,,250,30,18,78.99,5.19,18.75,62.35,7.46,23.39
66,,250,30,19,75.23,5.94,19.81,55.01,7.68,22.03
67,,250,30,20,78.31,5.76,19.0,61.7,7.58,23.37
4,,250,40,5,75.26,5.09,18.2,57.11,7.58,22.89
5,,250,40,6,76.2,4.85,17.53,58.32,7.44,22.77
6,,250,40,7,77.78,4.76,17.33,57.43,7.77,22.87
7,,250,40,8,76.91,4.81,17.38,58.01,7.64,23.18
8,,250,40,9,77.2,4.65,17.5,56.34,7.87,23.08
9,,250,40,10,77.41,4.49,16.75,57.64,7.19,22.49
10,,250,40,11,77.09,4.86,17.39,57.06,7.71,22.57
11,,250,40,12,76.48,5.09,17.61,57.73,7.46,22.64
12,,250,40,13,76.14,5.44,17.72,56.71,7.42,22.77
13,,250,40,14,77.67,4.42,16.71,58.23,7.46,23.01
14,,250,40,15,75.49,5.51,18.73,57.04,7.71,22.95
15,,250,40,16,77.23,4.73,17.22,58.3,7.53,23.15
16,,250,40,17,76.69,5.18,17.9,53.53,8.18,22.07
17,,250,40,18,76.28,5.08,17.9,54.52,8.09,22.4
18,,250,40,19,77.31,4.67,17.18,57.13,7.98,23.1
19,,250,40,20,76.86,4.93,17.6,58.05,7.94,23.01
28,,250,40,5,77.48,5.01,17.68,59.73,6.71,21.46
29,,250,40,6,76.16,5.23,17.88,59.09,6.83,21.36
30,,250,40,7,78.06,4.65,16.91,61.26,6.24,20.99
31,,250,40,8,75.84,5.19,17.83,59.17,6.52,20.95
32,,250,40,9,76.07,5.29,18.03,58.73,6.37,20.69
33,,250,40,10,74.94,5.44,18.6,55.99,6.9,20.96
34,,250,40,11,76.96,4.99,17.56,58.58,6.61,20.97
35,,250,40,12,75.42,5.4,18.36,57.62,6.74,20.87
36,,250,40,13,77.13,4.98,17.57,57.98,7.0,21.54
37,,250,40,14,75.46,5.27,18.23,56.07,7.29,21.51
38,,250,40,15,78.1,4.82,17.09,59.23,6.78,21.44
39,,250,40,16,76.69,5.0,17.69,57.01,7.05,21.26
40,,250,40,17,77.06,5.08,18.08,58.36,7.17,21.67
41,,250,40,18,76.7,5.1,18.26,58.42,6.85,21.61
42,,250,40,19,77.02,4.96,18.0,59.14,7.08,22.03
43,,250,40,20,76.44,5.05,18.2,57.17,7.3,21.55
52,,250,40,5,75.55,4.85,18.33,57.21,6.86,21.48
53,,250,40,6,78.13,4.04,16.37,61.03,6.47,21.61
54,,250,40,7,80.57,3.9,15.44,65.34,5.83,21.06
55,,250,40,8,80.49,4.3,15.93,67.16,6.41,22.06
56,,250,40,9,79.29,4.91,16.98,65.59,6.73,22.11
57,,250,40,10,78.19,5.03,17.88,63.02,6.93,22.43
58,,250,40,11,77.21,4.85,17.52,61.38,7.0,22.24
59,,250,40,12,74.01,4.99,19.96,54.42,8.12,22.67
60,,250,40,13,74.14,5.08,18.15,56.96,6.64,21.43
61,,250,40,14,75.16,5.02,19.54,56.92,8.07,22.88
62,,250,40,15,71.6,5.61,20.04,52.71,7.49,21.51
63,,250,40,16,75.03,5.17,19.63,55.52,8.43,22.74
64,,250,40,17,74.28,5.56,20.19,54.8,8.73,22.88
65,,250,40,18,74.85,4.78,18.37,56.43,7.54,22.41
66,,250,40,19,76.42,4.73,18.08,58.13,7.82,22.77
67,,250,40,20,78.92,3.73,16.07,62.18,6.49,21.7
4,,250,50,5,74.75,5.65,17.62,55.02,7.15,21.21
5,,250,50,6,74.52,5.52,18.01,54.63,7.2,20.88
6,,250,50,7,75.2,5.53,17.69,54.47,7.59,21.2
7,,250,50,8,74.78,5.64,17.8,54.29,7.33,21.1
8,,250,50,9,73.96,5.85,18.32,51.26,7.55,20.11
9,,250,50,10,74.78,5.51,17.69,52.94,7.31,20.53
10,,250,50,11,74.53,5.87,18.95,53.27,7.73,21.38
11,,250,50,12,75.14,5.53,17.82,55.18,7.3,21.5
12,,250,50,13,73.85,5.98,18.7,54.18,7.14,21.14
13,,250,50,14,74.55,5.75,18.63,55.12,7.34,21.16
14,,250,50,15,73.64,6.12,19.13,53.47,7.45,20.62
15,,250,50,16,74.56,5.64,18.31,54.95,7.4,21.27
16,,250,50,17,74.02,6.0,19.03,54.05,7.65,21.28
17,,250,50,18,74.71,5.69,18.24,55.05,7.37,21.02
18,,250,50,19,74.78,5.45,17.59,55.77,7.1,20.93
19,,250,50,20,75.21,5.32,17.86,57.39,7.21,21.58
28,,250,50,5,79.95,5.27,19.76,59.0,6.84,21.76
29,,250,50,6,78.81,5.49,19.89,56.26,7.39,22.32
30,,250,50,7,79.19,5.59,19.96,58.2,6.92,21.58
31,,250,50,8,78.32,5.72,20.67,53.87,7.82,21.61
32,,250,50,9,78.41,5.5,20.21,57.05,7.01,21.77
33,,250,50,10,77.68,5.6,20.46,53.16,7.31,21.21
34,,250,50,11,79.89,5.57,19.83,57.75,6.88,21.5
35,,250,50,12,78.18,5.81,20.39,52.03,7.67,21.13
36,,250,50,13,78.11,5.28,19.98,53.93,7.46,21.53
37,,250,50,14,77.21,4.92,19.6,52.65,7.53,21.14
38,,250,50,15,79.54,5.64,20.86,56.9,7.27,22.08
39,,250,50,16,77.86,5.41,20.14,52.74,7.61,21.3
40,,250,50,17,80.02,5.48,20.19,57.12,7.48,22.5
41,,250,50,18,78.08,5.23,19.81,53.27,7.73,21.38
42,,250,50,19,80.43,5.32,19.75,57.13,7.68,22.7
43,,250,50,20,78.5,4.92,19.44,54.1,7.72,21.85
52,,250,50,5,76.48,5.24,18.39,56.97,7.74,22.81
53,,250,50,6,75.86,5.11,18.11,58.09,7.71,23.13
54,,250,50,7,75.54,5.57,18.71,53.26,7.95,21.82
55,,250,50,8,75.68,5.19,18.2,55.1,8.07,22.4
56,,250,50,9,76.16,5.44,18.77,53.42,8.21,22.35
57,,250,50,10,75.68,5.25,18.31,54.7,8.24,22.5
58,,250,50,11,76.36,5.31,18.36,54.83,7.95,22.57
59,,250,50,12,76.35,5.25,18.36,55.65,8.26,23.02
60,,250,50,13,76.59,5.24,18.15,53.94,8.11,22.19
61,,250,50,14,75.94,5.46,18.79,54.78,8.2,22.44
62,,250,50,15,76.0,5.53,18.67,52.65,8.21,22.04
63,,250,50,16,76.53,5.05,18.16,55.26,8.21,22.7
64,,250,50,17,75.76,5.48,18.68,52.39,8.32,22.01
65,,250,50,18,75.72,5.48,18.71,54.7,8.34,22.5
66,,250,50,19,76.02,5.26,18.63,54.12,8.58,22.73
67,,250,50,20,75.85,5.41,18.63,56.29,8.51,23.36
4,,275,10,5,74.71,5.08,18.18,61.14,7.09,21.77
5,,275,10,6,75.18,4.98,17.94,60.98,7.04,22.02
6,,275,10,7,74.83,5.12,18.42,61.07,7.29,22.15
7,,275,10,8,75.27,4.97,17.99,59.6,7.41,22.11
8,,275,10,9,75.48,4.81,17.97,61.46,7.07,22.04
9,,275,10,10,75.16,4.84,18.03,58.64,7.06,21.83
10,,275,10,11,74.92,4.66,17.93,60.59,7.0,21.62
11,,275,10,12,75.26,4.78,17.78,57.56,7.46,21.68
12,,275,10,13,76.4,4.64,17.51,62.72,6.95,22.02
13,,275,10,14,75.64,4.82,17.7,58.58,7.09,21.7
14,,275,10,15,76.22,4.96,17.91,64.49,6.94,22.39
15,,275,10,16,75.44,4.82,17.99,58.16,7.44,21.65
16,,275,10,17,77.3,4.36,16.97,63.47,6.96,22.6
17,,275,10,18,75.21,4.84,18.01,59.03,7.23,21.78
18,,275,10,19,76.8,4.97,18.01,65.08,6.92,22.73
19,,275,10,20,75.12,4.85,17.95,59.66,7.75,22.78
28,,275,10,5,76.52,5.41,18.67,59.93,7.01,22.02
29,,275,10,6,76.84,5.27,18.4,56.22,7.43,21.79
30,,275,10,7,76.17,5.57,18.78,56.92,7.38,21.89
31,,275,10,8,76.8,5.34,18.43,54.87,7.64,21.54
32,,275,10,9,76.16,5.38,18.66,57.52,7.06,21.66
33,,275,10,10,76.31,5.07,18.07,54.29,7.33,21.1
34,,275,10,11,75.8,5.47,18.86,56.22,7.33,21.6
35,,275,10,12,75.94,5.28,18.47,54.03,7.43,21.27
36,,275,10,13,75.62,5.3,18.54,57.37,6.71,21.19
37,,275,10,14,76.53,5.11,18.16,53.96,7.46,21.12
38,,275,10,15,76.21,5.49,18.85,57.46,7.28,21.72
39,,275,10,16,76.08,5.33,18.51,54.94,7.08,21.06
40,,275,10,17,76.27,5.44,18.52,56.44,7.54,22.22
41,,275,10,18,75.57,5.36,18.77,52.58,7.79,21.21
42,,275,10,19,75.86,5.47,18.63,54.7,7.81,21.86
43,,275,10,20,76.4,5.25,18.34,53.35,8.14,21.98
52,,275,10,5,75.48,5.5,18.83,55.77,7.62,21.54
53,,275,10,6,75.98,5.2,18.54,58.56,6.99,21.87
54,,275,10,7,75.34,5.51,18.9,56.31,7.2,21.35
55,,275,10,8,75.9,5.53,18.72,57.61,7.33,21.81
56,,275,10,9,75.46,5.61,19.25,53.36,8.03,21.76
57,,275,10,10,75.71,5.42,18.7,55.83,7.58,21.87
58,,275,10,11,75.67,5.61,18.94,54.39,7.62,21.26
59,,275,10,12,75.86,5.47,18.63,55.35,7.35,21.4
60,,275,10,13,75.15,5.71,19.33,52.57,7.68,21.2
61,,275,10,14,74.8,5.33,18.46,53.53,7.41,20.98
62,,275,10,15,75.8,5.47,18.86,54.46,7.59,21.41
63,,275,10,16,75.59,5.44,18.57,55.75,7.2,21.32
64,,275,10,17,75.98,5.21,18.44,55.57,7.56,22.04
65,,275,10,18,75.02,5.36,18.65,56.63,7.39,21.53
66,,275,10,19,75.24,5.08,18.51,58.64,7.35,22.2
67,,275,10,20,75.26,5.59,18.85,58.94,7.25,22.0
76,,275,10,5,72.76,5.85,18.81,63.33,6.2,20.7
77,,275,10,6,71.75,6.0,19.11,62.86,6.15,20.81
78,,275,10,7,73.79,5.59,18.38,63.77,6.08,20.73
79,,275,10,8,73.08,5.85,19.18,66.13,5.74,20.74
80,,275,10,9,69.79,6.32,19.93,60.03,6.62,21.11
81,,275,10,10,72.83,5.82,19.2,65.33,5.67,20.91
82,,275,10,11,73.06,5.18,18.59,67.19,5.21,19.98
83,,275,10,12,72.14,5.69,19.65,65.23,5.78,20.85
84,,275,10,13,68.88,5.86,19.05,60.51,5.55,19.95
85,,275,10,14,69.43,5.97,19.26,63.81,5.14,19.76
86,,275,10,15,69.73,5.87,18.63,64.73,5.2,19.3
87,,275,10,16,72.38,5.22,18.39,69.28,4.99,19.35
88,,275,10,17,71.97,5.51,18.19,70.82,5.35,19.07
89,,275,10,18,69.01,6.06,19.13,63.91,5.81,20.05
90,,275,10,19,68.54,5.99,19.35,66.41,6.09,20.62
91,,275,10,20,71.03,6.21,20.19,64.68,6.24,21.35
4,,275,20,5,77.19,4.99,17.36,59.02,6.56,21.05
5,,275,20,6,74.11,5.26,17.48,58.43,5.88,20.15
6,,275,20,7,79.54,4.41,16.98,60.44,6.76,21.53
7,,275,20,8,76.15,4.98,17.66,58.95,6.4,20.74
8,,275,20,9,78.64,4.59,17.52,55.9,7.03,21.21
9,,275,20,10,79.14,4.8,17.83,59.11,7.21,21.55
10,,275,20,11,76.57,5.25,19.11,50.41,7.78,20.43
11,,275,20,12,76.83,4.9,18.08,50.86,7.46,20.34
12,,275,20,13,71.95,6.26,20.26,47.33,7.46,19.26
13,,275,20,14,75.06,4.97,18.29,52.63,7.41,21.35
14,,275,20,15,76.16,5.86,19.4,51.03,7.5,20.67
15,,275,20,16,75.43,5.66,18.48,53.6,7.15,20.91
16,,275,20,17,78.32,4.87,18.25,54.68,7.7,22.06
17,,275,20,18,76.29,5.3,18.69,55.75,7.51,21.73
18,,275,20,19,74.59,5.31,18.06,51.28,7.5,21.17
19,,275,20,20,73.5,5.33,18.7,51.1,7.33,20.83
28,,275,20,5,76.04,5.27,18.43,54.95,6.86,20.65
29,,275,20,6,75.8,4.85,18.01,54.03,6.77,20.42
30,,275,20,7,75.15,5.28,18.67,53.11,6.79,19.98
31,,275,20,8,75.08,4.98,18.09,51.14,6.74,19.47
32,,275,20,9,76.31,4.83,17.76,55.01,6.4,20.38
33,,275,20,10,76.09,4.84,17.78,51.57,6.55,19.84
34,,275,20,11,77.0,4.98,17.63,55.11,6.59,20.34
35,,275,20,12,76.73,4.51,17.16,52.2,6.55,19.88
36,,275,20,13,77.27,4.85,17.4,54.27,6.67,20.46
37,,275,20,14,76.57,4.53,16.95,50.57,6.71,19.58
38,,275,20,15,76.83,5.08,18.29,52.19,7.13,20.76
39,,275,20,16,76.34,4.85,17.37,51.21,6.94,20.08
40,,275,20,17,76.42,4.74,17.98,51.12,6.86,19.91
41,,275,20,18,76.4,4.88,17.82,51.32,7.02,20.03
42,,275,20,19,76.32,4.83,17.66,52.59,7.11,20.11
43,,275,20,20,76.09,4.66,17.47,52.47,6.91,20.37
52,,275,20,5,80.81,4.74,17.49,55.68,7.13,20.98
53,,275,20,6,76.65,5.54,19.59,49.44,7.45,19.87
54,,275,20,7,79.19,5.12,18.64,51.07,7.62,20.23
55,,275,20,8,76.0,5.37,19.04,48.55,7.45,19.72
56,,275,20,9,78.9,5.25,18.81,49.95,7.62,19.8
57,,275,20,10,76.64,5.45,19.0,47.62,7.19,19.31
58,,275,20,11,79.01,4.89,17.46,52.33,7.1,20.06
59,,275,20,12,77.41,5.06,18.09,48.83,6.8,19.27
60,,275,20,13,79.03,5.04,18.0,49.28,7.41,19.28
61,,275,20,14,77.61,5.15,18.47,48.45,7.36,19.54
62,,275,20,15,78.76,5.1,18.23,49.93,7.37,19.79
63,,275,20,16,77.61,4.97,18.26,48.44,7.23,19.53
64,,275,20,17,78.94,4.93,17.95,52.95,7.32,20.32
65,,275,20,18,78.16,5.06,18.45,49.34,7.23,19.69
66,,275,20,19,78.82,5.28,18.31,53.88,7.28,20.76
67,,275,20,20,78.68,4.93,18.08,51.4,7.34,20.65
76,,275,20,5,68.47,7.27,20.51,48.63,7.85,19.01
77,,275,20,6,67.74,7.01,20.0,55.38,7.15,20.61
78,,275,20,7,68.84,7.18,20.54,50.81,7.86,20.19
79,,275,20,8,67.39,6.93,20.05,56.01,7.01,20.78
80,,275,20,9,71.25,6.73,20.58,49.98,7.99,19.82
81,,275,20,10,67.06,6.5,19.16,51.95,6.89,20.06
82,,275,20,11,71.24,6.52,20.56,48.91,7.46,18.82
83,,275,20,12,67.67,6.34,19.34,56.54,6.4,20.41
84,,275,20,13,71.48,6.87,21.27,53.49,8.23,21.29
85,,275,20,14,66.88,7.14,20.09,54.38,6.97,20.42
86,,275,20,15,67.75,6.6,20.2,50.97,6.81,19.36
87,,275,20,16,66.7,6.49,19.34,57.11,6.73,20.47
88,,275,20,17,68.48,7.24,21.12,54.98,7.72,21.29
89,,275,20,18,66.88,6.23,18.97,57.34,6.25,19.95
90,,275,20,19,64.78,7.61,20.75,53.73,7.46,20.67
91,,275,20,20,66.14,6.84,20.19,59.61,6.85,21.22
4,,275,30,5,75.26,5.03,18.1,49.09,6.85,18.45
5,,275,30,6,75.01,4.97,18.32,49.26,6.77,18.79
6,,275,30,7,75.13,5.48,18.61,50.88,6.61,18.97
7,,275,30,8,75.22,5.22,18.34,48.88,7.06,18.8
8,,275,30,9,75.57,5.62,18.99,51.44,6.99,19.53
9,,275,30,10,75.75,5.28,18.67,47.56,6.97,18.37
10,,275,30,11,75.83,5.37,18.25,58.56,6.55,20.14
11,,275,30,12,75.24,5.26,18.73,49.08,6.59,18.21
12,,275,30,13,75.7,5.44,18.32,66.33,6.33,21.22
13,,275,30,14,74.72,5.5,19.12,51.84,6.5,18.45
14,,275,30,15,74.97,5.52,18.3,66.32,6.02,20.93
15,,275,30,16,75.35,5.27,18.48,57.52,6.11,19.32
16,,275,30,17,74.27,5.5,18.84,55.4,6.09,19.04
17,,275,30,18,76.44,5.15,17.64,59.95,6.04,19.35
18,,275,30,19,73.39,5.66,19.31,45.53,7.03,17.78
19,,275,30,20,75.69,5.26,18.11,51.08,7.14,19.54
28,,275,30,5,77.22,5.05,18.38,53.96,7.02,20.49
29,,275,30,6,75.57,4.93,18.13,47.34,6.78,18.24
30,,275,30,7,75.61,5.42,18.85,50.68,6.68,19.3
31,,275,30,8,75.17,4.91,17.93,46.08,6.64,17.46
32,,275,30,9,75.83,5.06,17.93,52.66,6.61,19.82
33,,275,30,10,77.31,4.3,16.78,47.65,6.24,17.8
34,,275,30,11,76.08,5.21,18.3,49.83,6.52,18.9
35,,275,30,12,75.43,5.38,18.74,44.16,6.6,16.93
36,,275,30,13,75.71,5.11,18.38,52.99,6.48,20.02
37,,275,30,14,75.48,5.13,18.39,43.84,6.76,16.59
38,,275,30,15,76.24,5.36,18.81,50.58,7.45,20.29
39,,275,30,16,74.98,5.18,18.35,43.23,6.72,16.62
40,,275,30,17,76.09,5.18,18.77,49.05,7.36,19.64
41,,275,30,18,75.07,4.91,18.08,43.35,6.66,16.56
42,,275,30,19,76.38,5.11,18.43,48.97,7.79,19.96
43,,275,30,20,74.92,5.3,18.69,43.58,6.87,16.99
52,,275,30,5,75.65,5.72,19.36,49.64,7.74,20.23
53,,275,30,6,78.13,5.28,17.85,49.9,6.99,19.78
54,,275,30,7,74.6,5.78,19.21,46.8,7.15,18.82
55,,275,30,8,78.9,4.68,16.96,46.8,7.43,19.08
56,,275,30,9,75.65,5.6,19.15,49.05,7.36,19.64
57,,275,30,10,80.41,4.72,16.93,49.63,7.74,20.47
58,,275,30,11,75.41,5.71,18.89,47.22,7.24,19.07
59,,275,30,12,82.04,4.22,15.94,52.92,7.87,21.62
60,,275,30,13,77.68,5.17,18.06,46.47,7.01,18.75
61,,275,30,14,80.85,4.9,17.75,53.01,7.95,21.57
62,,275,30,15,78.44,5.19,18.13,47.93,7.19,19.36
63,,275,30,16,78.48,5.29,18.4,51.98,7.94,20.98
64,,275,30,17,80.42,4.61,16.75,48.14,7.49,19.74
65,,275,30,18,77.55,4.58,17.33,51.32,7.62,20.72
66,,275,30,19,81.3,4.68,16.66,52.39,8.09,21.78
67,,275,30,20,78.83,4.66,17.35,49.63,7.61,20.22
76,,275,30,5,73.31,6.65,20.43,53.15,6.97,20.98
77,,275,30,6,71.74,6.67,20.08,51.12,7.22,20.37
78,,275,30,7,72.48,6.66,20.34,55.24,6.84,21.23
79,,275,30,8,71.3,6.89,20.12,53.51,6.96,20.75
80,,275,30,9,72.29,6.7,20.23,54.1,7.06,20.99
81,,275,30,10,72.0,6.76,20.18,53.93,7.02,20.89
82,,275,30,11,72.04,6.88,20.39,57.52,7.06,21.66
83,,275,30,12,70.45,7.18,20.73,52.39,7.17,20.65
84,,275,30,13,71.68,6.67,20.22,52.99,6.93,20.67
85,,275,30,14,70.2,7.34,21.48,48.56,7.45,19.48
86,,275,30,15,68.88,7.97,22.86,47.02,7.33,18.95
87,,275,30,16,72.34,6.63,20.08,50.02,6.83,19.25
88,,275,30,17,71.78,6.71,20.4,51.59,6.79,19.85
89,,275,30,18,72.19,6.39,19.81,52.3,6.4,19.61
90,,275,30,19,71.49,6.38,19.62,50.46,6.75,19.87
91,,275,30,20,68.57,7.31,20.71,50.11,6.91,19.43
4,,275,40,5,74.98,5.37,18.57,44.26,6.54,17.14
5,,275,40,6,75.77,5.11,18.15,43.71,6.66,16.64
6,,275,40,7,74.45,5.54,19.06,43.1,6.45,16.4
7,,275,40,8,75.89,5.09,18.38,42.52,6.58,15.88
8,,275,40,9,75.88,5.14,18.59,45.06,6.64,17.5
9,,275,40,10,75.77,5.17,18.26,42.73,6.46,16.31
10,,275,40,11,75.62,5.24,18.53,46.18,6.59,17.65
11,,275,40,12,75.94,5.15,18.36,43.57,6.24,16.42
12,,275,40,13,77.03,5.03,17.91,47.82,6.69,18.91
13,,275,40,14,75.07,5.48,18.84,42.36,6.14,15.93
14,,275,40,15,76.27,5.08,18.0,45.62,6.68,17.71
15,,275,40,16,75.25,5.46,18.84,41.52,6.04,14.93
16,,275,40,17,75.07,5.23,18.51,45.62,6.68,17.71
17,,275,40,18,74.15,5.5,19.21,41.91,6.2,15.05
18,,275,40,19,76.2,5.28,18.06,45.75,6.78,17.65
19,,275,40,20,75.97,5.32,18.85,44.19,6.45,16.39
28,,275,40,5,75.6,5.57,18.58,43.59,7.18,17.28
29,,275,40,6,74.45,6.11,19.74,43.58,7.33,17.56
30,,275,40,7,74.86,5.77,18.78,42.24,6.85,16.59
31,,275,40,8,74.92,5.93,19.47,43.08,7.25,17.56
32,,275,40,9,74.7,5.77,19.16,41.11,6.56,15.72
33,,275,40,10,74.7,6.02,19.5,42.25,7.18,16.89
34,,275,40,11,74.38,6.04,19.98,40.61,6.81,15.39
35,,275,40,12,75.05,5.72,19.38,42.11,7.07,16.96
36,,275,40,13,74.69,5.89,19.49,41.39,6.94,15.9
37,,275,40,14,74.87,5.74,19.38,41.36,6.77,16.19
38,,275,40,15,75.07,5.73,19.17,41.24,7.01,16.26
39,,275,40,16,74.78,5.81,19.43,41.38,7.11,16.2
40,,275,40,17,74.98,5.8,19.22,41.88,7.03,16.51
41,,275,40,18,75.79,5.59,19.07,43.24,7.35,17.21
42,,275,40,19,75.58,5.68,19.0,42.15,7.4,16.68
43,,275,40,20,75.14,5.83,19.54,43.44,7.39,17.92
52,,275,40,5,76.3,5.16,17.71,46.28,7.11,18.37
53,,275,40,6,76.13,5.15,18.17,47.23,6.96,18.56
54,,275,40,7,76.29,5.1,17.7,44.63,6.99,17.5
55,,275,40,8,75.92,5.3,18.2,45.21,7.03,17.45
56,,275,40,9,76.5,4.92,17.12,45.0,7.14,17.31
57,,275,40,10,75.49,5.2,18.3,44.53,7.05,17.3
58,,275,40,11,75.6,5.39,18.26,43.94,6.86,17.07
59,,275,40,12,75.23,5.17,18.13,44.99,6.99,17.31
60,,275,40,13,75.85,5.13,17.73,44.39,6.8,17.35
61,,275,40,14,75.85,5.35,18.52,45.09,6.94,17.51
62,,275,40,15,75.14,5.3,18.29,43.82,6.91,17.14
63,,275,40,16,75.78,5.06,17.95,44.99,7.28,17.58
64,,275,40,17,75.3,5.56,18.24,45.2,7.33,17.98
65,,275,40,18,75.78,5.12,17.95,47.13,7.28,18.88
66,,275,40,19,74.84,5.54,18.16,45.41,6.93,17.84
67,,275,40,20,75.82,5.05,18.03,47.04,7.33,18.7
4,,275,50,5,77.91,4.73,16.72,43.58,6.55,16.7
5,,275,50,6,79.89,4.75,16.42,48.65,7.01,19.16
6,,275,50,7,79.46,4.95,16.38,46.61,6.97,18.18
7,,275,50,8,74.72,6.17,19.3,42.01,6.48,15.85
8,,275,50,9,78.17,4.87,16.26,42.99,6.67,16.47
9,,275,50,10,79.42,4.84,16.22,45.86,7.16,18.11
10,,275,50,11,72.95,6.54,19.86,38.8,5.66,14.05
11,,275,50,12,78.89,4.87,16.82,42.75,6.94,16.61
12,,275,50,13,75.57,5.86,19.32,41.21,6.32,15.94
13,,275,50,14,75.6,5.94,19.02,40.98,6.45,15.49
14,,275,50,15,78.9,5.0,16.82,43.1,6.93,16.98
15,,275,50,16,75.61,5.89,18.81,41.1,6.39,15.72
16,,275,50,17,77.28,5.25,18.27,42.01,6.48,15.85
17,,275,50,18,77.97,5.42,17.85,42.99,7.15,17.05
18,,275,50,19,76.31,5.74,18.92,40.86,6.34,15.25
19,,275,50,20,78.15,5.2,18.1,43.1,6.93,16.98
28,,275,50,5,77.29,4.95,17.86,52.3,6.86,20.26
29,,275,50,6,74.35,5.35,18.89,45.19,7.03,17.71
30,,275,50,7,76.77,4.93,17.64,50.76,6.64,19.47
31,,275,50,8,74.88,5.49,18.94,40.49,6.52,14.85
32,,275,50,9,73.49,5.84,19.6,47.62,6.92,19.05
33,,275,50,10,76.67,4.96,17.23,47.2,6.96,19.06
34,,275,50,11,73.82,5.73,19.52,43.46,6.92,17.06
35,,275,50,12,77.55,4.61,16.79,45.39,7.22,18.38
36,,275,50,13,74.06,5.77,19.5,42.86,6.89,16.83
37,,275,50,14,77.35,4.7,16.61,44.26,7.0,17.7
38,,275,50,15,74.2,5.68,19.41,45.74,6.93,17.91
39,,275,50,16,76.06,5.04,17.81,43.91,6.55,17.06
40,,275,50,17,76.15,5.28,18.08,46.9,6.96,18.75
41,,275,50,18,76.37,4.8,16.98,42.29,6.69,15.73
42,,275,50,19,77.73,5.09,17.3,53.86,6.72,20.32
43,,275,50,20,76.42,4.9,17.53,44.64,7.14,17.5
52,,275,50,5,78.36,4.98,18.52,42.83,6.24,16.52
53,,275,50,6,78.22,5.24,19.54,43.33,6.66,16.84
54,,275,50,7,76.42,5.35,18.82,42.7,5.97,16.3
55,,275,50,8,78.26,4.74,18.36,44.06,6.8,17.0
56,,275,50,9,76.92,5.76,19.75,42.45,5.92,16.14
57,,275,50,10,76.42,5.0,19.07,43.1,6.14,16.12
58,,275,50,11,77.8,5.06,18.73,43.07,5.81,16.11
59,,275,50,12,79.17,4.65,18.33,43.11,6.3,16.12
60,,275,50,13,75.28,5.63,19.35,39.75,5.22,14.22
61,,275,50,14,77.45,5.02,18.72,41.72,5.41,15.08
62,,275,50,15,77.45,5.16,19.49,40.71,5.87,15.0
63,,275,50,16,77.78,5.4,19.43,40.83,5.64,14.94
64,,275,50,17,78.11,5.37,19.53,41.84,6.03,15.9
65,,275,50,18,77.27,5.26,19.12,42.1,5.92,15.77
66,,275,50,19,79.58,5.21,19.06,44.26,6.7,17.41
67,,275,50,20,76.99,5.45,19.58,41.6,5.81,15.44
4,,300,10,5,75.03,5.74,19.09,39.92,5.89,14.48
5,,300,10,6,77.81,5.16,18.09,46.58,6.4,17.91
6,,300,10,7,76.57,5.23,18.34,40.85,5.99,14.95
7,,300,10,8,78.46,5.51,18.89,45.86,6.59,17.32
8,,300,10,9,78.26,5.14,18.96,44.18,6.75,16.94
9,,300,10,10,77.99,5.07,18.35,44.06,6.34,16.45
10,,300,10,11,78.91,5.65,19.3,44.62,6.69,17.22
11,,300,10,12,78.23,4.87,18.39,44.5,6.14,16.73
12,,300,10,13,77.53,6.1,19.65,43.12,6.46,16.13
13,,300,10,14,79.11,5.12,18.68,46.51,7.16,18.25
14,,300,10,15,76.37,6.49,20.45,43.0,6.35,15.91
15,,300,10,16,78.65,5.4,18.51,45.52,6.88,17.78
16,,300,10,17,77.32,4.91,17.38,40.07,5.65,14.12
17,,300,10,18,78.03,5.93,19.64,45.3,6.83,17.64
18,,300,10,19,78.46,5.63,19.09,47.46,7.01,18.43
19,,300,10,20,75.87,5.91,18.97,45.86,6.59,17.32
28,,300,10,5,75.87,5.42,18.43,48.45,6.97,19.04
29,,300,10,6,75.69,5.5,18.53,46.75,7.48,18.39
30,,300,10,7,75.41,5.89,19.11,48.46,7.1,19.04
31,,300,10,8,75.85,5.5,18.16,47.34,7.19,18.75
32,,300,10,9,75.79,5.56,18.48,45.29,6.69,17.63
33,,300,10,10,75.44,5.48,18.16,42.44,7.28,15.97
34,,300,10,11,75.38,5.66,18.5,45.62,6.68,17.71
35,,300,10,12,75.41,5.37,17.77,47.04,6.92,18.18
36,,300,10,13,75.31,5.65,18.83,46.53,7.16,17.99
37,,300,10,14,76.21,5.47,18.07,44.53,7.5,17.85
38,,300,10,15,75.32,5.35,18.3,45.18,6.88,17.7
39,,300,10,16,75.97,5.24,17.97,44.19,7.21,17.22
40,,300,10,17,76.02,5.54,18.37,45.62,6.83,17.97
41,,300,10,18,75.84,5.62,18.47,45.97,7.4,18.32
42,,300,10,19,75.14,5.49,18.51,44.62,6.84,17.49
43,,300,10,20,75.54,5.5,18.7,44.54,7.5,17.58
52,,300,10,5,75.88,5.36,18.22,44.53,7.35,17.58
53,,300,10,6,74.7,5.56,18.23,42.9,7.21,16.56
54,,300,10,7,76.21,5.35,17.96,45.97,7.4,18.32
55,,300,10,8,75.36,5.37,17.8,43.48,6.92,16.78
56,,300,10,9,76.26,5.35,17.84,45.98,7.26,18.05
57,,300,10,10,75.21,5.31,17.96,43.73,6.97,16.65
58,,300,10,11,76.76,5.08,17.39,44.43,7.4,17.37
59,,300,10,12,75.34,5.3,17.99,43.95,7.01,17.07
60,,300,10,13,75.74,5.25,18.08,44.67,7.59,17.52
61,,300,10,14,74.4,5.45,18.27,46.09,7.21,17.99
62,,300,10,15,75.84,5.19,17.93,47.04,7.61,18.96
63,,300,10,16,74.51,5.52,18.12,47.86,7.63,19.44
64,,300,10,17,76.25,5.47,18.15,50.06,7.7,19.75
65,,300,10,18,74.82,5.47,18.36,48.19,7.37,18.75
66,,300,10,19,76.66,5.26,17.83,51.16,7.34,19.93
67,,300,10,20,75.94,5.25,17.79,49.57,7.79,19.82
76,,300,10,5,66.28,6.78,20.77,42.22,6.03,15.99
77,,300,10,6,63.07,8.29,21.51,43.46,6.45,16.49
78,,300,10,7,67.57,6.71,20.43,44.37,6.49,17.34
79,,300,10,8,65.79,6.97,21.2,46.27,6.97,18.37
80,,300,10,9,70.13,6.23,20.33,46.17,6.73,17.91
81,,300,10,10,66.84,6.93,21.39,43.45,6.29,16.48
82,,300,10,11,66.19,6.85,21.36,45.83,6.3,17.57
83,,300,10,12,68.28,5.76,18.86,49.81,6.14,18.66
84,,300,10,13,70.25,6.32,20.98,44.83,6.29,17.08
85,,300,10,14,67.63,7.39,22.28,47.95,7.85,19.88
86,,300,10,15,71.87,6.12,20.51,47.72,6.87,18.98
87,,300,10,16,68.96,6.33,20.14,45.52,6.15,16.98
88,,300,10,17,67.71,7.58,21.35,45.76,6.93,17.65
89,,300,10,18,67.23,7.91,22.06,45.11,6.79,16.98
90,,300,10,19,70.14,5.75,19.45,47.3,6.36,18.47
91,,300,10,20,70.57,5.82,19.47,48.13,6.29,18.47
4,,300,20,5,79.41,4.7,17.42,38.81,5.09,13.42
5,,300,20,6,79.9,4.56,16.57,39.52,5.71,14.05
6,,300,20,7,80.02,4.61,16.69,37.8,4.56,12.56
7,,300,20,8,80.88,4.24,16.0,38.97,5.03,13.05
8,,300,20,9,80.71,4.56,16.52,37.21,4.42,12.14
9,,300,20,10,80.53,4.88,17.14,38.23,4.77,13.02
10,,300,20,11,81.74,4.37,16.1,36.44,4.54,12.09
11,,300,20,12,80.19,5.01,17.07,37.24,4.62,11.83
12,,300,20,13,81.65,4.47,16.31,36.4,4.33,12.42
13,,300,20,14,79.97,4.69,16.38,37.05,4.48,12.19
14,,300,20,15,80.22,4.61,16.67,35.94,4.54,12.27
15,,300,20,16,79.99,4.59,17.04,36.62,4.48,11.71
16,,300,20,17,80.77,4.88,17.2,35.63,4.47,12.04
17,,300,20,18,79.55,4.99,17.56,36.63,4.69,11.72
18,,300,20,19,79.51,5.31,18.4,36.13,4.89,12.22
19,,300,20,20,76.69,5.51,18.98,36.92,4.55,11.93
28,,300,20,5,74.13,5.61,19.65,35.18,4.24,11.19
29,,300,20,6,73.12,5.45,18.69,34.85,4.17,10.95
30,,300,20,7,74.13,5.54,19.64,33.34,2.47,8.57
31,,300,20,8,73.69,5.89,19.5,33.53,2.16,8.19
32,,300,20,9,72.83,5.88,19.31,33.19,2.54,8.26
33,,300,20,10,76.87,5.8,19.21,36.92,4.14,11.6
34,,300,20,11,76.49,6.02,19.34,38.64,5.15,13.79
35,,300,20,12,80.29,5.04,18.48,36.04,4.54,10.94
36,,300,20,13,80.03,4.86,18.51,37.1,5.5,12.54
37,,300,20,14,79.0,4.62,17.88,36.54,5.38,11.47
38,,300,20,15,78.26,4.91,18.66,36.49,5.38,12.12
39,,300,20,16,76.8,4.82,18.37,34.57,3.63,9.68
40,,300,20,17,77.58,5.07,18.75,34.89,4.39,10.62
41,,300,20,18,75.02,5.17,18.43,34.21,3.54,9.76
42,,300,20,19,74.66,5.34,18.53,33.86,3.22,9.5
43,,300,20,20,77.02,5.47,19.19,36.12,4.05,11.53
52,,300,20,5,76.72,5.68,19.37,35.97,4.54,11.93
53,,300,20,6,80.65,5.2,18.74,39.51,5.53,14.05
54,,300,20,7,77.51,5.73,19.43,35.19,4.02,10.84
55,,300,20,8,78.65,5.42,19.15,35.2,3.8,10.5
56,,300,20,9,77.16,5.46,19.11,34.56,3.18,9.34
57,,300,20,10,76.98,5.89,19.74,34.01,3.15,9.79
58,,300,20,11,76.29,5.91,19.43,33.81,2.98,9.83
59,,300,20,12,76.91,5.73,19.28,35.03,3.43,10.21
60,,300,20,13,75.81,5.97,19.3,33.68,3.29,9.54
61,,300,20,14,77.44,5.58,18.88,35.19,4.02,10.84
62,,300,20,15,75.54,5.94,19.24,34.17,3.31,10.1
63,,300,20,16,78.03,5.7,19.33,36.47,4.76,11.77
64,,300,20,17,77.01,5.49,18.82,35.98,4.33,11.59
65,,300,20,18,79.5,5.46,18.87,39.21,5.09,13.85
66,,300,20,19,76.92,5.86,19.29,36.93,4.96,12.26
67,,300,20,20,76.7,6.0,19.42,36.73,4.82,12.64
76,,300,20,5,73.79,5.42,18.87,41.76,6.43,15.68
77,,300,20,6,72.45,5.72,19.49,40.87,6.16,14.95
78,,300,20,7,74.74,5.32,18.69,41.4,6.61,15.3
79,,300,20,8,73.34,5.21,18.76,45.32,6.84,17.38
80,,300,20,9,74.4,5.22,18.75,41.52,6.55,15.53
81,,300,20,10,74.2,5.36,19.07,41.65,6.49,15.46
82,,300,20,11,74.12,5.25,18.69,43.0,6.83,16.48
83,,300,20,12,74.19,5.36,19.18,43.94,6.86,17.07
84,,300,20,13,75.86,4.98,18.0,45.86,7.16,18.11
85,,300,20,14,74.82,5.43,18.96,44.52,6.9,17.29
86,,300,20,15,75.36,5.21,18.27,44.64,6.69,16.95
87,,300,20,16,75.32,5.37,19.0,44.86,6.44,16.82
88,,300,20,17,73.54,5.55,18.39,42.87,6.24,15.97
89,,300,20,18,68.92,5.81,18.43,42.12,5.42,14.91
90,,300,20,19,69.85,5.93,18.58,42.4,6.14,15.37
91,,300,20,20,69.85,5.5,17.97,42.86,5.6,15.39
4,,300,30,5,75.93,5.92,18.84,39.9,5.34,14.17
5,,300,30,6,75.97,5.73,18.6,40.57,5.93,15.07
6,,300,30,7,75.42,5.9,18.9,36.33,5.03,11.83
7,,300,30,8,75.03,5.93,19.21,36.78,4.82,11.99
8,,300,30,9,76.42,5.75,18.67,37.68,5.42,12.95
9,,300,30,10,75.85,5.9,19.27,37.81,5.35,13.21
10,,300,30,11,73.62,5.82,18.38,38.38,5.09,13.28
11,,300,30,12,75.77,5.73,18.9,38.53,5.98,14.19
12,,300,30,13,76.55,5.61,18.59,36.77,5.03,12.32
13,,300,30,14,75.39,5.88,19.32,37.68,5.42,12.95
14,,300,30,15,75.9,5.72,18.93,42.82,6.08,16.52
15,,300,30,16,74.93,5.99,19.47,44.0,6.49,17.54
16,,300,30,17,74.59,5.93,18.93,36.77,4.62,11.98
17,,300,30,18,74.9,6.01,19.29,37.79,5.16,13.21
18,,300,30,19,74.94,6.01,19.26,36.77,4.41,11.66
19,,300,30,20,75.86,5.78,18.96,37.24,5.23,12.48
28,,300,30,5,73.64,5.77,17.95,35.82,3.75,10.97
29,,300,30,6,75.03,5.38,17.17,38.1,4.83,12.77
30,,300,30,7,75.03,5.4,17.96,35.85,4.18,10.98
31,,300,30,8,75.22,5.36,17.18,36.77,4.41,11.66
32,,300,30,9,74.55,5.57,18.31,35.68,3.82,10.69
33,,300,30,10,74.63,5.24,16.75,36.01,4.12,10.93
34,,300,30,11,74.81,5.46,18.47,36.45,4.34,11.76
35,,300,30,12,76.18,5.16,16.82,36.93,4.35,11.61
36,,300,30,13,75.74,5.13,17.88,37.23,5.03,12.47
37,,300,30,14,75.8,5.01,17.55,39.37,5.59,14.11
38,,300,30,15,75.71,5.08,17.7,37.2,5.03,12.8
39,,300,30,16,76.58,4.9,17.27,36.92,4.55,11.93
40,,300,30,17,76.22,5.36,17.77,36.94,4.76,11.94
41,,300,30,18,76.18,5.24,17.58,37.07,4.08,11.55
42,,300,30,19,75.79,5.38,18.17,39.25,5.47,13.56
43,,300,30,20,75.58,5.41,17.99,38.28,4.97,12.41
52,,300,30,5,77.96,4.87,18.53,40.39,5.1,14.81
53,,300,30,6,77.89,5.26,19.45,36.14,4.26,11.54
54,,300,30,7,77.77,4.9,18.26,38.94,4.84,13.35
55,,300,30,8,78.32,4.87,18.25,35.7,4.04,10.7
56,,300,30,9,77.98,4.94,18.34,38.48,5.03,13.85
57,,300,30,10,78.48,5.08,18.74,35.37,4.17,10.8
58,,300,30,11,76.53,5.2,18.94,36.88,4.34,12.25
59,,300,30,12,78.84,5.18,19.01,36.18,4.47,11.22
60,,300,30,13,76.95,5.01,18.32,38.78,5.09,13.73
61,,300,30,14,79.35,5.17,18.83,36.76,4.2,11.65
62,,300,30,15,77.33,5.03,18.6,38.9,5.22,14.29
63,,300,30,16,79.54,4.7,18.4,37.82,4.96,12.57
64,,300,30,17,77.0,5.07,18.39,40.54,4.87,14.45
65,,300,30,18,81.22,4.62,17.61,37.07,5.1,12.53
66,,300,30,19,76.85,5.06,18.66,39.07,4.97,13.6
67,,300,30,20,81.21,4.3,16.92,40.59,6.46,15.38
76,,300,30,5,67.07,7.18,19.99,39.07,6.46,15.21
77,,300,30,6,68.03,6.95,19.84,37.92,5.48,13.79
78,,300,30,7,67.01,6.97,19.75,41.97,6.97,17.03
79,,300,30,8,67.42,6.95,19.66,40.29,5.88,15.2
80,,300,30,9,68.65,7.17,20.16,38.91,5.97,14.94
81,,300,30,10,67.01,6.97,19.75,38.36,5.47,13.92
82,,300,30,11,66.9,7.15,19.82,40.0,6.18,15.65
83,,300,30,12,67.23,7.21,20.16,38.51,5.79,14.18
84,,300,30,13,67.81,6.85,19.7,38.96,5.78,13.99
85,,300,30,14,68.37,7.45,20.46,39.23,6.02,14.5
86,,300,30,15,67.13,6.56,19.14,40.03,6.0,15.03
87,,300,30,16,68.97,7.17,20.22,43.17,6.71,17.47
88,,300,30,17,66.25,7.08,19.76,41.08,6.21,15.71
89,,300,30,18,66.85,6.94,19.44,42.71,6.14,16.3
90,,300,30,19,65.71,6.67,19.21,40.55,5.93,15.37
91,,300,30,20,66.67,6.37,18.71,42.34,5.81,15.92
4,,300,40,5,78.03,5.94,19.54,32.8,2.67,8.68
5,,300,40,6,77.93,6.04,19.99,34.04,2.91,9.11
6,,300,40,7,76.16,6.29,19.84,32.81,2.43,8.33
7,,300,40,8,80.34,5.19,18.04,35.2,4.25,10.85
8,,300,40,9,76.0,6.14,19.42,32.61,2.24,8.36
9,,300,40,10,78.97,5.5,18.71,34.02,3.38,9.8
10,,300,40,11,77.3,6.29,19.99,31.91,2.01,7.43
11,,300,40,12,79.73,5.73,19.31,33.34,3.19,9.28
12,,300,40,13,75.65,6.31,19.43,31.52,0.29,6.03
13,,300,40,14,78.98,5.81,19.65,32.47,1.81,7.34
14,,300,40,15,77.74,6.2,19.73,32.8,1.93,7.97
15,,300,40,16,79.04,5.85,18.9,32.62,1.99,8.0
16,,300,40,17,77.69,6.2,19.86,32.05,1.68,7.74
17,,300,40,18,77.56,6.38,20.14,32.47,1.3,6.98
18,,300,40,19,78.28,5.88,20.24,32.44,1.81,7.68
19,,300,40,20,78.01,5.92,19.83,32.62,1.99,8.0
28,,300,40,5,77.33,5.48,18.55,35.38,3.96,10.46
29,,300,40,6,77.62,5.22,18.37,36.76,5.23,12.65
30,,300,40,7,76.54,5.72,18.9,34.82,4.39,11.65
31,,300,40,8,76.95,5.79,19.36,36.3,5.24,12.5
32,,300,40,9,76.86,5.35,18.21,34.03,3.85,10.16
33,,300,40,10,77.78,5.26,18.57,35.53,4.11,10.75
34,,300,40,11,77.03,5.75,18.83,33.36,3.19,8.93
35,,300,40,12,77.82,5.49,18.95,35.05,4.1,10.56
36,,300,40,13,78.24,5.08,17.96,33.38,2.71,8.24
37,,300,40,14,77.53,5.63,19.03,34.54,3.63,10.01
38,,300,40,15,77.66,5.45,18.75,33.87,3.45,9.5
39,,300,40,16,77.96,5.55,18.79,35.98,4.75,11.94
40,,300,40,17,77.31,5.35,18.64,34.07,3.38,9.12
41,,300,40,18,77.38,5.57,19.2,37.2,5.03,12.8
42,,300,40,19,77.03,5.27,18.21,36.74,5.64,13.33
43,,300,40,20,77.91,5.25,18.6,39.45,5.89,15.3
52,,300,40,5,80.67,4.11,16.99,36.43,4.13,11.75
53,,300,40,6,77.45,4.48,18.01,37.18,5.03,13.12
54,,300,40,7,80.19,4.23,17.84,36.11,4.26,11.87
55,,300,40,8,76.6,4.88,18.77,36.74,4.2,11.97
56,,300,40,9,77.16,5.37,19.58,34.31,3.93,11.1
57,,300,40,10,80.97,4.37,17.63,33.85,3.92,10.21
58,,300,40,11,77.69,4.6,17.91,35.63,3.82,11.35
59,,300,40,12,76.1,5.17,20.05,33.81,2.98,9.83
60,,300,40,13,77.34,5.35,20.72,34.96,3.87,11.57
61,,300,40,14,78.21,5.25,20.39,36.89,4.75,12.58
62,,300,40,15,78.06,5.1,19.9,35.64,4.25,11.7
63,,300,40,16,79.43,4.73,18.91,37.07,5.1,12.53
64,,300,40,17,81.17,3.55,15.47,35.55,4.32,10.76
65,,300,40,18,75.2,4.52,17.68,35.54,3.89,10.42
66,,300,40,19,77.46,5.11,19.29,34.01,3.15,9.79
67,,300,40,20,78.8,4.57,18.78,34.56,3.86,10.02
4,,300,50,5,75.51,5.42,19.0,33.18,2.05,7.91
5,,300,50,6,75.96,5.25,18.85,33.23,2.3,7.59
6,,300,50,7,75.97,5.26,18.75,33.37,1.74,7.54
7,,300,50,8,76.23,5.17,18.7,33.38,1.5,7.21
8,,300,50,9,75.61,5.39,19.44,33.01,1.87,7.6
9,,300,50,10,75.79,5.22,18.64,33.18,2.05,7.91
10,,300,50,11,75.83,5.27,18.72,33.19,1.8,7.57
11,,300,50,12,74.89,5.41,19.22,33.57,1.92,7.52
12,,300,50,13,75.51,5.54,19.22,32.82,1.43,7.28
13,,300,50,14,74.69,5.73,19.88,32.64,1.49,7.3
14,,300,50,15,75.36,5.37,19.07,32.46,1.56,7.33
15,,300,50,16,75.85,5.43,19.32,32.87,1.69,6.95
16,,300,50,17,74.67,5.57,19.25,32.81,1.68,7.62
17,,300,50,18,75.64,5.47,19.14,33.24,2.05,7.25
18,,300,50,19,75.06,5.53,19.05,34.38,3.47,9.72
19,,300,50,20,76.49,5.45,19.18,34.7,3.79,10.31
28,,300,50,5,76.41,5.25,18.24,34.19,2.85,9.4
29,,300,50,6,75.43,5.19,18.52,34.35,3.01,9.7
30,,300,50,7,75.42,5.34,18.25,33.98,2.44,9.43
31,,300,50,8,77.15,4.78,16.53,33.14,2.29,8.6
32,,300,50,9,76.75,5.28,17.23,32.09,1.43,7.03
33,,300,50,10,76.14,4.94,17.19,32.62,1.24,7.3
34,,300,50,11,77.47,5.42,18.29,33.49,2.4,8.87
35,,300,50,12,79.24,4.67,16.89,33.13,2.53,8.95
36,,300,50,13,78.08,5.04,17.67,34.64,4.01,11.34
37,,300,50,14,76.53,5.78,19.1,32.93,3.09,9.72
38,,300,50,15,75.67,6.04,19.49,33.65,3.28,9.89
39,,300,50,16,80.55,4.82,16.29,34.89,3.94,10.27
40,,300,50,17,76.15,4.98,16.44,34.03,3.85,10.16
41,,300,50,18,72.65,5.59,18.62,32.25,1.36,7.35
42,,300,50,19,75.5,6.25,19.5,33.66,2.57,9.18
43,,300,50,20,77.07,5.18,17.43,35.0,3.42,10.54
52,,300,50,5,79.7,4.38,17.5,33.02,2.85,8.31
53,,300,50,6,79.42,4.68,17.76,33.87,2.98,9.15
54,,300,50,7,80.2,4.39,17.25,33.21,2.54,7.93
55,,300,50,8,79.62,4.97,18.84,34.19,3.31,9.75
56,,300,50,9,80.47,4.33,17.37,33.57,3.12,8.55
57,,300,50,10,79.1,5.4,19.17,33.35,2.95,8.92
58,,300,50,11,81.77,3.92,16.68,34.56,3.86,10.02
59,,300,50,12,78.02,5.53,19.13,33.88,2.75,8.81
60,,300,50,13,80.95,4.78,17.85,35.69,4.25,11.03
61,,300,50,14,76.94,5.3,18.92,33.5,2.88,9.23
62,,300,50,15,79.84,5.23,19.45,35.79,3.96,11.64
63,,300,50,16,77.75,5.24,18.96,33.34,3.19,9.28
64,,300,50,17,77.01,5.64,19.59,35.16,4.02,11.18
65,,300,50,18,77.45,5.31,19.13,33.85,3.92,10.21
66,,300,50,19,77.81,4.98,18.99,35.98,4.33,11.59
67,,300,50,20,76.31,5.64,19.49,35.03,4.54,11.25
4,,325,10,5,78.55,5.62,19.04,43.09,6.61,16.69
5,,325,10,6,77.69,6.08,19.75,43.77,6.75,17.69
6,,325,10,7,78.81,5.68,18.9,35.39,4.18,10.47
7,,325,10,8,77.79,6.02,19.5,35.21,4.03,10.51
8,,325,10,9,78.78,5.57,18.64,37.25,5.03,12.16
9,,325,10,10,78.52,5.81,18.98,38.52,5.22,13.54
10,,325,10,11,78.46,5.8,19.29,37.65,5.03,12.94
11,,325,10,12,78.09,6.0,19.43,36.91,4.76,12.26
12,,325,10,13,77.26,5.82,19.39,36.47,4.76,11.77
13,,325,10,14,78.16,5.76,19.26,36.61,4.69,12.04
14,,325,10,15,78.33,5.67,18.52,36.17,4.68,11.55
15,,325,10,16,78.17,6.05,19.57,35.66,4.25,11.36
16,,325,10,17,78.02,6.02,19.28,37.51,5.29,13.01
17,,325,10,18,78.35,5.99,19.38,37.96,5.29,13.15
18,,325,10,19,77.77,6.01,19.7,37.35,5.16,13.06
19,,325,10,20,78.59,5.68,19.02,37.55,5.49,12.69
28,,325,10,5,74.97,5.61,19.0,47.11,6.87,18.62
29,,325,10,6,75.21,5.53,18.87,43.9,6.55,17.33
30,,325,10,7,74.79,5.51,18.78,32.87,1.69,6.95
31,,325,10,8,74.59,5.33,18.76,32.32,1.11,6.33
32,,325,10,9,74.74,5.51,18.91,34.52,2.94,9.66
33,,325,10,10,74.92,5.48,19.02,34.03,2.68,9.1
34,,325,10,11,75.39,5.26,18.55,35.68,3.82,10.69
35,,325,10,12,75.63,5.31,18.44,34.03,2.68,9.1
36,,325,10,13,75.21,5.28,18.55,34.05,2.68,8.77
37,,325,10,14,75.01,5.23,18.64,33.17,2.29,8.26
38,,325,10,15,75.63,5.25,18.33,34.57,3.63,9.68
39,,325,10,16,74.96,5.41,18.99,33.71,2.58,8.5
40,,325,10,17,74.44,5.12,18.01,35.22,3.81,10.17
41,,325,10,18,72.33,5.29,18.53,33.18,2.05,7.91
42,,325,10,19,75.85,4.98,18.1,35.86,3.97,10.65
43,,325,10,20,73.8,5.56,18.88,36.59,4.48,12.04
52,,325,10,5,74.67,6.01,19.82,35.83,4.61,11.65
53,,325,10,6,75.11,5.66,19.14,36.34,4.83,11.5
54,,325,10,7,75.15,5.59,19.11,35.22,3.81,10.17
55,,325,10,8,74.54,5.71,19.34,35.38,4.39,10.81
56,,325,10,9,74.79,5.76,19.22,33.7,2.81,8.85
57,,325,10,10,75.29,5.76,19.25,34.07,3.38,9.12
58,,325,10,11,74.64,5.71,19.18,33.55,2.4,8.2
59,,325,10,12,75.06,5.66,19.16,33.88,2.75,8.81
60,,325,10,13,75.25,5.65,19.06,34.39,3.24,9.38
61,,325,10,14,76.17,5.38,18.56,35.07,3.65,9.89
62,,325,10,15,74.02,5.97,19.64,34.21,3.08,9.41
63,,325,10,16,75.05,5.72,19.38,33.55,2.88,8.55
64,,325,10,17,74.96,5.73,19.32,33.7,2.34,8.5
65,,325,10,18,74.54,6.09,19.79,33.37,2.47,8.23
66,,325,10,19,75.3,5.64,19.04,34.24,3.55,9.42
67,,325,10,20,74.64,5.71,19.18,34.41,3.48,9.38
76,,325,10,5,71.69,6.8,20.35,36.9,3.93,11.59
77,,325,10,6,71.83,6.77,20.49,37.18,4.42,12.46
78,,325,10,7,71.85,6.78,20.15,36.11,3.83,11.53
79,,325,10,8,70.6,6.94,20.5,35.62,3.6,11.35
80,,325,10,9,73.24,6.23,19.46,37.79,5.16,13.21
81,,325,10,10,70.96,6.73,20.28,35.66,3.82,11.02
82,,325,10,11,73.33,6.28,19.63,39.48,5.71,14.67
83,,325,10,12,71.41,6.64,20.37,36.58,4.89,12.7
84,,325,10,13,73.19,6.37,19.6,38.91,5.03,13.97
85,,325,10,14,70.33,6.57,20.14,36.42,3.91,11.75
86,,325,10,15,72.1,6.74,20.12,39.19,4.91,13.85
87,,325,10,16,70.08,6.35,19.67,37.92,4.5,12.81
88,,325,10,17,72.24,6.58,20.02,43.16,6.08,16.88
89,,325,10,18,70.89,6.36,19.37,40.27,5.88,15.5
90,,325,10,19,71.21,6.81,20.61,41.7,6.42,16.56
91,,325,10,20,69.79,6.74,20.45,38.06,5.8,14.39
4,,325,20,5,75.7,5.59,19.12,33.68,2.81,9.18
5,,325,20,6,76.99,5.52,18.45,33.73,2.82,8.51
6,,325,20,7,75.16,5.59,19.01,32.65,1.24,6.96
7,,325,20,8,77.08,5.39,18.2,32.5,1.82,7.0
8,,325,20,9,75.9,5.53,18.82,32.47,1.81,7.34
9,,325,20,10,76.73,5.66,18.6,32.84,1.68,7.28
10,,325,20,11,75.05,5.6,19.16,32.67,1.5,6.97
11,,325,20,12,76.71,5.59,18.69,32.69,1.75,6.97
12,,325,20,13,75.61,5.54,19.07,32.68,1.24,6.63
13,,325,20,14,75.75,5.75,18.62,32.32,1.11,6.33
14,,325,20,15,76.28,5.35,18.89,33.69,1.86,8.15
15,,325,20,16,76.36,5.5,18.58,33.19,1.8,7.57
16,,325,20,17,75.88,5.27,18.7,32.84,1.18,6.94
17,,325,20,18,77.03,5.33,18.22,32.68,1.24,6.63
18,,325,20,19,75.46,5.42,19.03,33.35,1.74,7.87
19,,325,20,20,76.44,5.3,18.42,33.21,2.05,7.58
28,,325,20,5,75.89,5.44,18.13,33.34,1.98,8.22
29,,325,20,6,76.06,5.17,17.92,33.18,2.05,7.91
30,,325,20,7,76.56,5.26,17.87,33.52,2.4,8.53
31,,325,20,8,75.83,5.49,18.36,33.34,2.47,8.57
32,,325,20,9,76.29,5.21,17.91,32.65,0.73,6.61
33,,325,20,10,75.7,5.39,18.12,32.13,0.65,6.0
34,,325,20,11,75.66,5.45,18.25,32.47,1.3,6.98
35,,325,20,12,75.32,5.29,18.19,32.7,1.5,6.63
36,,325,20,13,75.86,5.53,18.74,33.18,1.55,7.56
37,,325,20,14,75.92,5.48,18.41,32.3,0.85,6.32
38,,325,20,15,76.24,5.22,17.93,35.16,2.91,10.15
39,,325,20,16,76.27,5.32,18.31,32.66,0.99,6.62
40,,325,20,17,76.13,5.24,17.7,34.36,2.31,9.02
41,,325,20,18,75.93,5.43,18.2,33.24,2.05,7.25
42,,325,20,19,76.48,5.09,17.61,36.6,3.22,10.72
43,,325,20,20,75.68,5.43,18.52,33.04,1.87,7.27
52,,325,20,5,78.91,5.21,17.46,34.35,3.7,10.4
53,,325,20,6,79.51,5.75,19.08,31.91,1.23,6.71
54,,325,20,7,77.42,4.56,16.66,34.34,3.24,10.05
55,,325,20,8,79.1,5.72,19.03,32.43,2.06,8.04
56,,325,20,9,78.56,4.86,17.23,34.18,3.08,9.75
57,,325,20,10,80.0,5.63,18.88,32.26,1.87,7.71
58,,325,20,11,77.77,5.43,18.97,34.63,3.78,11.34
59,,325,20,12,80.62,4.47,17.06,35.5,4.32,11.42
60,,325,20,13,76.98,5.48,19.11,33.8,2.74,9.83
61,,325,20,14,80.0,4.39,17.27,34.71,3.56,9.97
62,,325,20,15,78.06,5.34,18.99,32.23,2.38,8.43
63,,325,20,16,79.68,4.66,16.94,32.67,2.0,7.32
64,,325,20,17,78.53,5.21,18.73,33.3,2.71,9.26
65,,325,20,18,78.95,4.76,17.57,32.66,2.25,7.67
66,,325,20,19,78.75,4.98,18.22,31.69,2.08,7.81
67,,325,20,20,80.5,4.52,17.12,32.86,2.43,7.64
4,,325,30,5,76.69,5.75,19.3,31.89,1.23,7.05
5,,325,30,6,79.0,5.28,19.21,34.02,4.08,10.51
6,,325,30,7,76.52,5.29,18.57,30.93,0.47,6.09
7,,325,30,8,79.73,4.65,18.04,32.64,2.75,8.37
8,,325,30,9,76.95,5.07,18.42,30.77,0.26,5.39
9,,325,30,10,79.11,4.96,18.39,32.21,2.89,9.17
10,,325,30,11,76.23,5.27,18.23,31.3,0.89,6.76
11,,325,30,12,76.38,6.14,19.81,31.82,2.78,9.26
12,,325,30,13,77.44,4.81,17.96,30.54,-0.25,5.39
13,,325,30,14,74.9,6.2,19.51,30.3,0.65,6.51
14,,325,30,15,78.07,5.32,18.25,31.31,1.43,7.14
15,,325,30,16,76.96,5.14,18.32,30.71,0.25,6.1
16,,325,30,17,78.17,5.19,18.36,31.3,0.89,6.76
17,,325,30,18,76.72,5.41,18.38,30.73,0.53,6.11
18,,325,30,19,78.1,5.2,18.22,30.79,-0.02,5.04
19,,325,30,20,79.12,4.79,18.1,30.42,-1.32,3.64
28,,325,30,5,75.55,5.45,18.39,31.74,0.24,5.68
29,,325,30,6,75.52,5.43,18.8,31.56,0.03,5.35
30,,325,30,7,75.97,5.3,18.07,31.01,-1.18,3.99
31,,325,30,8,75.62,5.24,18.53,30.82,-1.41,3.65
32,,325,30,9,75.92,5.12,17.88,30.99,-0.9,4.33
33,,325,30,10,75.28,5.36,18.22,31.19,-0.95,4.33
34,,325,30,11,75.66,5.48,18.83,32.78,2.42,8.68
35,,325,30,12,75.44,5.57,18.86,31.5,0.82,6.74
36,,325,30,13,75.51,5.4,18.31,31.32,-0.19,5.69
37,,325,30,14,76.02,5.05,17.74,31.92,-0.08,5.65
38,,325,30,15,75.64,5.13,18.02,31.56,0.03,5.35
39,,325,30,16,75.36,5.4,18.48,31.56,-0.51,5.0
40,,325,30,17,76.17,5.26,18.35,31.4,0.09,5.02
41,,325,30,18,75.53,5.56,18.91,31.33,-0.47,5.34
42,,325,30,19,75.91,5.35,18.4,31.91,1.23,6.71
43,,325,30,20,75.77,5.24,18.26,31.95,0.45,5.67
52,,325,30,5,76.53,5.17,18.26,30.35,0.94,6.15
53,,325,30,6,76.87,4.89,18.16,29.9,1.93,7.36
54,,325,30,7,74.26,5.75,19.39,30.14,0.44,5.79
55,,325,30,8,76.14,5.03,17.96,30.26,2.05,8.06
56,,325,30,9,75.48,5.56,18.94,30.18,0.16,5.07
57,,325,30,10,76.13,5.15,18.17,30.32,0.94,6.52
58,,325,30,11,76.57,4.92,18.03,30.15,0.16,5.42
59,,325,30,12,77.86,4.78,18.02,30.77,-0.3,5.03
60,,325,30,13,76.08,5.45,18.71,30.3,1.22,6.9
61,,325,30,14,76.39,5.12,18.33,30.41,0.95,5.44
62,,325,30,15,76.12,5.14,18.27,30.48,1.7,7.63
63,,325,30,16,74.64,5.7,19.29,29.98,-0.64,4.34
64,,325,30,17,76.87,4.89,18.16,30.88,2.91,8.73
65,,325,30,18,76.76,4.89,18.4,30.12,0.72,6.17
66,,325,30,19,77.51,4.88,17.65,32.22,2.63,8.8
67,,325,30,20,77.36,4.88,17.91,31.13,1.76,7.17
4,,325,40,5,75.44,5.32,18.53,32.48,1.05,6.64
5,,325,40,6,76.23,5.17,18.7,32.26,1.1,7.0
6,,325,40,7,76.14,5.34,18.28,31.2,-0.4,4.68
7,,325,40,8,76.34,5.24,18.46,31.39,-0.45,4.67
8,,325,40,9,75.26,5.46,18.74,31.0,-1.74,3.65
9,,325,40,10,76.3,5.12,18.37,31.55,-1.06,4.65
10,,325,40,11,75.63,5.43,18.65,31.0,-1.74,3.65
11,,325,40,12,76.14,5.21,18.17,31.37,-0.73,4.66
12,,325,40,13,75.64,5.38,18.34,31.02,-1.46,3.65
13,,325,40,14,75.86,4.92,17.89,31.39,-1.0,4.33
14,,325,40,15,75.4,5.08,18.24,30.82,-1.41,3.65
15,,325,40,16,75.25,4.83,17.98,31.39,-1.0,4.33
16,,325,40,17,75.22,5.29,18.34,30.82,-1.41,3.65
17,,325,40,18,75.09,5.33,19.01,31.17,-1.24,4.32
18,,325,40,19,74.62,5.42,18.46,31.02,-0.9,4.0
19,,325,40,20,75.8,4.79,17.91,31.56,0.03,5.35
28,,325,40,5,80.29,5.36,20.1,32.31,1.37,6.67
29,,325,40,6,79.55,5.09,19.96,31.2,-0.4,4.68
30,,325,40,7,80.7,5.07,18.96,34.03,3.15,9.45
31,,325,40,8,79.89,5.09,19.77,31.36,-0.46,5.0
32,,325,40,9,80.42,4.9,18.83,33.69,3.05,9.19
33,,325,40,10,78.7,5.27,20.57,31.37,0.63,5.71
34,,325,40,11,80.36,5.0,19.23,32.1,1.17,6.68
35,,325,40,12,78.77,4.89,19.66,31.19,-0.95,4.33
36,,325,40,13,79.21,5.77,21.07,31.36,-1.01,4.65
37,,325,40,14,74.46,6.42,21.45,30.59,-3.4,2.6
38,,325,40,15,80.84,4.94,19.04,31.36,0.9,6.06
39,,325,40,16,77.64,5.25,19.96,30.59,-0.8,4.34
40,,325,40,17,80.97,4.95,18.88,31.54,0.56,6.04
41,,325,40,18,65.35,4.7,19.47,29.99,-3.61,2.23
42,,325,40,19,80.35,5.27,19.7,33.34,1.98,8.22
43,,325,40,20,78.15,5.39,20.16,30.98,-0.63,4.67
52,,325,40,5,76.64,5.95,20.33,31.33,0.35,6.05
53,,325,40,6,68.35,6.16,19.96,30.93,-0.08,5.72
54,,325,40,7,76.93,6.01,19.97,30.78,-1.14,4.32
55,,325,40,8,78.15,5.57,19.25,31.91,0.71,6.35
56,,325,40,9,76.39,5.69,19.65,31.29,1.69,7.5
57,,325,40,10,76.86,5.93,20.3,31.12,1.22,6.8
58,,325,40,11,75.68,5.7,19.54,30.35,0.1,5.41
59,,325,40,12,75.06,5.6,19.06,31.71,1.56,7.09
60,,325,40,13,76.16,5.83,19.89,30.17,-0.99,4.33
61,,325,40,14,76.75,5.42,19.23,30.4,-1.03,3.99
62,,325,40,15,75.26,5.8,19.78,30.77,0.26,5.39
63,,325,40,16,75.69,5.16,18.68,31.09,1.22,7.16
64,,325,40,17,76.27,5.83,19.63,30.96,0.47,5.74
65,,325,40,18,76.6,4.97,18.3,30.91,0.19,6.08
66,,325,40,19,76.33,5.74,19.98,31.17,0.14,5.37
67,,325,40,20,76.6,5.21,18.61,31.57,1.1,6.06
4,,325,50,5,75.16,5.72,19.12,30.57,-1.66,3.97
5,,325,50,6,75.08,5.8,19.07,30.79,-1.42,3.98
6,,325,50,7,75.12,5.61,18.82,30.76,-1.43,4.32
7,,325,50,8,74.41,5.74,19.21,31.17,-1.8,3.97
8,,325,50,9,75.51,5.52,18.52,31.29,-0.2,6.03
9,,325,50,10,75.31,5.59,18.73,30.98,-0.63,4.67
10,,325,50,11,75.0,5.7,18.7,30.75,-0.58,5.02
11,,325,50,12,75.41,5.65,18.68,30.77,0.26,5.39
12,,325,50,13,73.6,5.23,17.81,30.75,-2.0,3.96
13,,325,50,14,74.33,5.31,18.49,31.36,-1.01,4.65
14,,325,50,15,75.29,5.05,17.8,30.98,-1.19,4.32
15,,325,50,16,75.54,5.44,18.6,30.77,-0.3,5.03
16,,325,50,17,74.94,5.31,18.49,30.78,-0.58,4.68
17,,325,50,18,75.22,5.47,18.66,31.14,-0.41,5.35
18,,325,50,19,74.94,5.25,18.38,30.95,-0.63,5.01
19,,325,50,20,75.08,5.24,18.31,31.15,-0.13,5.36
28,,325,50,5,80.32,5.64,19.41,30.78,-0.58,4.68
29,,325,50,6,80.01,5.77,19.51,31.34,-0.74,5.0
30,,325,50,7,79.71,5.38,19.19,30.78,-0.58,4.68
31,,325,50,8,79.62,5.29,18.61,30.97,0.2,5.38
32,,325,50,9,79.89,5.33,18.82,30.76,-1.43,4.32
33,,325,50,10,80.45,5.32,18.86,31.21,-0.67,4.34
34,,325,50,11,79.65,5.45,18.96,30.75,-1.15,4.66
35,,325,50,12,80.14,5.22,18.58,31.57,-0.24,5.0
36,,325,50,13,79.44,5.51,19.08,30.56,-1.38,4.32
37,,325,50,14,79.69,5.34,18.84,31.01,-0.62,4.34
38,,325,50,15,79.07,5.69,19.4,30.59,-0.8,4.34
39,,325,50,16,78.55,5.71,19.69,30.78,-0.58,4.68
40,,325,50,17,79.22,5.57,19.39,30.55,-0.53,5.03
41,,325,50,18,78.87,5.6,19.14,31.17,-0.41,5.01
42,,325,50,19,79.4,5.51,19.11,30.98,-0.63,4.67
43,,325,50,20,78.82,5.59,19.25,31.12,-0.14,5.7
52,,325,50,5,76.8,4.76,18.27,31.32,-0.74,5.33
53,,325,50,6,77.75,4.68,17.7,30.79,-1.42,3.98
54,,325,50,7,77.6,4.64,17.31,30.99,-1.47,3.98
55,,325,50,8,77.07,4.53,18.58,31.13,0.41,6.07
56,,325,50,9,77.42,4.67,18.04,30.43,-1.6,3.3
57,,325,50,10,75.96,5.15,19.43,30.96,-0.08,5.37
58,,325,50,11,76.13,4.89,19.21,31.1,0.4,6.42
59,,325,50,12,78.67,4.38,16.87,31.2,-0.4,4.68
60,,325,50,13,78.1,5.08,18.02,30.52,-0.53,5.38
61,,325,50,14,81.11,4.32,16.72,31.35,0.36,5.7
62,,325,50,15,80.06,4.36,16.89,31.38,0.36,5.37
63,,325,50,16,80.33,3.81,15.87,31.36,-0.46,5.0
64,,325,50,17,80.66,4.44,16.53,31.37,1.43,6.43
65,,325,50,18,76.9,4.64,18.02,31.65,1.02,7.43
66,,325,50,19,78.89,4.23,17.1,31.55,0.3,5.69
67,,325,50,20,76.73,4.63,17.26,30.93,-1.48,4.65
